-1	NaN
-0.959183673469388	NaN
-0.918367346938776	NaN
-0.877551020408163	NaN
-0.836734693877551	NaN
-0.795918367346939	NaN
-0.755102040816326	NaN
-0.714285714285714	NaN
-0.673469387755102	NaN
-0.63265306122449	NaN
-0.591836734693878	NaN
-0.551020408163265	NaN
-0.510204081632653	NaN
-0.469387755102041	NaN
-0.428571428571429	NaN
-0.387755102040816	NaN
-0.346938775510204	NaN
-0.306122448979592	NaN
-0.26530612244898	NaN
-0.224489795918367	NaN
-0.183673469387755	NaN
-0.142857142857143	NaN
-0.102040816326531	NaN
-0.0612244897959183	NaN
-0.0204081632653061	NaN
0.0204081632653061	NaN
0.0612244897959184	NaN
0.102040816326531	NaN
0.142857142857143	NaN
0.183673469387755	NaN
0.224489795918367	NaN
0.26530612244898	NaN
0.306122448979592	NaN
0.346938775510204	NaN
0.387755102040816	NaN
0.428571428571429	NaN
0.469387755102041	NaN
0.510204081632653	NaN
0.551020408163265	NaN
0.591836734693878	NaN
0.63265306122449	NaN
0.673469387755102	NaN
0.714285714285714	NaN
0.755102040816326	NaN
0.795918367346939	NaN
0.836734693877551	NaN
0.877551020408163	NaN
0.918367346938775	NaN
0.959183673469388	NaN
1	NaN
