0	1
0.0314159265358979	0.987122268149421
0.0628318530717959	0.97040730913462
0.0942477796076938	0.958583176530135
0.125663706143592	0.944470791509266
0.15707963267949	0.927526485376402
0.188495559215388	0.913228120521157
0.219911485751286	0.896719037190724
0.251327412287183	0.882357824568315
0.282743338823081	0.866288002924149
0.314159265358979	0.851975758618038
0.345575191894877	0.836358636291473
0.376991118430775	0.82219671099095
0.408407044966673	0.807053606816872
0.439822971502571	0.793133969460786
0.471238898038469	0.77849247231206
0.502654824574367	0.764898819468642
0.534070751110265	0.750791238515434
0.565486677646163	0.737600016533699
0.596902604182061	0.724061971373232
0.628318530717959	0.711343259172877
0.659734457253857	0.698412440646546
0.691150383789754	0.686230678399431
0.722566310325652	0.673945782798462
0.75398223686155	0.662360353455714
0.785398163397448	0.650760177331513
0.816814089933346	0.639825859664087
0.848230016469244	0.628948534724603
0.879645943005142	0.618715852398943
0.91106186954104	0.608598196520956
0.942477796076938	0.599147570769094
0.973893722612836	0.589875910323177
1.00530964914873	0.581207561535818
1.03672557568463	0.572762122218223
1.06814150222053	0.564908436294483
1.09955742875643	0.557324652343915
1.13097335529233	0.550316585958061
1.16238928182822	0.543624819979638
1.19380520836412	0.537491449131698
1.22522113490002	0.531717304586769
1.25663706143592	0.526485240568828
1.28805298797182	0.521649956771675
1.31946891450771	0.517342765490573
1.35088484104361	0.513463582409822
1.38230076757951	0.510101296606766
1.41371669411541	0.50719172694156
1.4451326206513	0.504790491081875
1.4765485471872	0.502860482268627
1.5079644737231	0.501432331248645
1.539380400259	0.500488330620589
1.5707963267949	0.500041080879837
1.60221225333079	0.500086031967054
1.63362817986669	0.500623255373108
1.66504410640259	0.501656555930225
1.69646003293849	0.50317760822867
1.72787595947439	0.505195056064554
1.75929188601028	0.507695137888006
1.79070781254618	0.51068888330312
1.82212373908208	0.514159119080656
1.85353966561798	0.518117635540442
1.88495559215388	0.522545162066816
1.91637151868977	0.527453241042905
1.94778744522567	0.532821302146955
1.97920337176157	0.538660074200537
2.01061929829747	0.544948120876395
2.04203522483337	0.551695102838732
2.07345115136926	0.55887889972243
2.10486707790516	0.566508066844938
2.13628300444106	0.574559806467795
2.16769893097696	0.583041688284219
2.19911485751286	0.591930114481429
2.23053078404875	0.601231913588814
2.26194671058465	0.610922455024215
2.29336263712055	0.621008188968846
2.32477856365645	0.631382330089034
2.35619449019234	0.642190137681524
2.38761041672824	0.653280060793632
2.41902634326414	0.664784103653351
2.45044226980004	0.676547584584278
2.48185819633594	0.688701512905986
2.51327412287183	0.701093440331415
2.54469004940773	0.713848534459115
2.57610597594363	0.726821011865808
2.60752190247953	0.740126436077695
2.63893782901543	0.75362894841642
2.67035375555132	0.767431961032608
2.70176968208722	0.781411594013556
2.73318560862312	0.795657727828324
2.76460153515902	0.810059423797714
2.79601746169492	0.824692652031018
2.82743338823081	0.839459486847643
2.85884931476671	0.854422387589195
2.89026524130261	0.869495855937881
2.92168116783851	0.884729784255429
2.95309709437441	0.900050084720685
2.9845130209103	0.915495357608605
3.0159289474462	0.931001672471296
3.0473448739821	0.9465977684418
3.078760800518	0.962228535991204
3.1101767270539	0.977914308685233
3.14159265358979	0.993607487710663
3.17300858012569	1.0093213914268
3.20442450666159	1.02501471856846
3.23584043319749	1.04069504290125
3.26725635973338	1.05632628390989
3.29867228626928	1.07191139452357
3.33008821280518	1.08741859042954
3.36150413934108	1.10284717315441
3.39292006587698	1.11816888207001
3.42433599241287	1.13338018782786
3.45575191894877	1.1484557227433
3.48716784548467	1.16338981117107
3.51858377202057	1.17815947374033
3.54999969855647	1.19275745371986
3.58141562509236	1.20716276371559
3.61283155162826	1.22136702929875
3.64424747816416	1.23535094916223
3.67566340470006	1.24910540959424
3.70707933123596	1.26261256331589
3.73849525777185	1.27586286600731
3.76991118430775	1.28883975143328
3.80132711084365	1.30153349681839
3.83274303737955	1.31392869037348
3.86415896391545	1.32601563762546
3.89557489045134	1.33777999034871
3.92699081698724	1.34921225289978
3.95840674352314	1.36029907658349
3.98982267005904	1.37103130631036
4.02123859659494	1.3813965483785
4.05265452313083	1.39138610713387
4.08407044966673	1.40098851263783
4.11548637620263	1.4101956294764
4.14690230273853	1.41899688812692
4.17831822927443	1.42738479996901
4.20973415581032	1.43534967527155
4.24115008234622	1.44288474760951
4.27256600888212	1.44998118352496
4.30398193541802	1.45661199915526
4.33539786195391	1.46276963326388
4.36681378848981	1.46849571257897
4.39822971502571	1.47373658408423
4.42964564156161	1.47853443159195
4.46106156809751	1.48283797333321
4.4924774946334	1.48668770548284
4.5238934211693	1.49003713159402
4.5553093477052	1.49292255740294
4.5867252742411	1.49530492165451
4.618141200777	1.49721360358672
4.64955712731289	1.49861985029436
4.68097305384879	1.49954314255768
4.71238898038469	1.49996815201903
4.74380490692059	1.49990121352846
4.77522083345649	1.49934384424073
4.80663675999238	1.49828562318209
4.83805268652828	1.49674875384368
4.86946861306418	1.49470193986141
4.90088453960008	1.49219251561396
4.93230046613597	1.48916345385254
4.96371639267187	1.48569254374078
4.99513231920777	1.48169110182638
5.02654824574367	1.47727397864797
5.05796417227957	1.47231335240985
5.08938009881547	1.46696961305607
5.12079602535136	1.46106604793762
5.15221195188726	1.45481980390156
5.18362787842316	1.44799219401678
5.21504380495906	1.44087238149298
5.24645973149496	1.43320411154381
5.27787565803085	1.42525401518681
5.30929158456675	1.41672178267506
5.34070751110265	1.4079588211015
5.37212343763855	1.3985977931815
5.40353936417444	1.38905323189661
5.43495529071034	1.37890341852917
5.46637121724624	1.36861053289966
5.49778714378214	1.35771596377826
5.52920307031804	1.34671056587897
5.56061899685393	1.33511842539333
5.59203492338983	1.32343934316589
5.62345084992573	1.31119920372721
5.65486677646163	1.29888859942782
5.68628270299753	1.28605183123133
5.71769862953342	1.27315531199482
5.74911455606932	1.25977468676
5.78053048260522	1.24634121423728
5.81194640914112	1.2324706768416
5.84336233567702	1.21855231637571
5.87477826221291	1.20424687579072
5.90619418874881	1.18989843872636
5.93761011528471	1.17521412517673
5.96902604182061	1.16049275590307
6.0004419683565	1.14548659845907
6.0318578948924	1.13045134725829
6.0632738214283	1.11518133883359
6.0946897479642	1.09989274819744
6.1261056745001	1.08441777839636
6.15752160103599	1.06893749795026
6.18893752757189	1.0533172455928
6.22035345410779	1.03770768103603
6.25176938064369	1.02200246636117
6.28318530717959	1.0063264613844
6.31460123371548	0.990597062897548
6.34601716025138	0.974917609525542
6.37743308678728	0.959225052806768
6.40884901332318	0.943605024312181
6.44026493985908	0.928010350622256
6.47168086639497	0.912512251293011
6.50309679293087	0.897076273234793
6.53451271946677	0.881762000196927
6.56592864600267	0.866545050582219
6.59734457253857	0.851475664105543
6.62876049907446	0.836537342929734
6.66017642561036	0.82177284287391
6.69159235214626	0.807171766140458
6.72300827868216	0.792770873273121
6.75442420521806	0.778564426446134
6.78584013175395	0.764584368220365
6.81725605828985	0.750828466347414
6.84867198482575	0.737324767361792
6.88008791136165	0.724073623388257
6.91150383789754	0.711099901200295
6.94291976443344	0.698405803659509
6.97433569096934	0.686013570928081
7.00575161750524	0.673926672003695
7.03716754404114	0.662165146147987
7.06858347057703	0.650733261039042
7.09999939711293	0.639649182772012
7.13141532364883	0.628917601333721
7.16283125018473	0.618555063613585
7.19424717672063	0.608566375406357
7.22566310325652	0.599001110191116
7.25707902979242	0.589845293376462
7.28849495632832	0.581075579134535
7.31991088286422	0.572731273140289
7.35132680940012	0.564792517145306
7.38274273593601	0.557293133856938
7.41415866247191	0.550217307025145
7.44557458900781	0.543593042975821
7.47699051554371	0.537408589056563
7.5084064420796	0.531686280022108
7.5398223686155	0.526418046449571
7.5712382951514	0.521621027620083
7.6026542216873	0.517290208615308
7.6340701482232	0.513438190245972
7.6654860747591	0.510062276129849
7.69690200129499	0.507171240411597
7.72831792783089	0.504763970803091
7.75973385436679	0.502846091997496
7.79114978090269	0.501417413457853
7.82256570743859	0.500481000831641
7.85398163397448	0.500037031170963
7.88539756051038	0.500086493016997
7.91681348704628	0.500629495029974
7.94822941358218	0.501665321778314
7.97964534011807	0.503193688982911
8.01106126665397	0.505212453686749
8.04247719318987	0.507720710081079
8.07389311972577	0.510715085064549
8.10530904626167	0.514193900275787
8.13672497279756	0.518152689230764
8.16814089933346	0.522588909868134
8.19955682586936	0.527497095077992
8.23097275240526	0.532873792685031
8.26238867894116	0.538712597310527
8.29380460547705	0.545009133045957
8.32522053201295	0.551756098554201
8.35663645854885	0.558948204596213
8.38805238508475	0.566577283489643
8.41946831162065	0.574637161134165
8.45088423815654	0.583118825189148
8.48230016469244	0.592015259690507
8.51371609122834	0.601316623991326
8.54513201776424	0.611015116389389
8.57654794430014	0.621100079593407
8.60796387083603	0.631481267843526
8.63937979737193	0.642288785903041
8.67079572390783	0.65338570606739
8.70221165044373	0.664889190638051
8.73362757697963	0.676659457896002
8.76504350351552	0.688812686126125
8.79645943005142	0.701211048152033
8.82787535658732	0.713965403925579
8.85929128312322	0.726943852338731
8.89070720965911	0.740248573700128
8.92212313619501	0.753756514285231
8.95353906273091	0.767558902599271
8.98495498926681	0.781543373445705
9.0163709158027	0.795788976816427
9.0477868423386	0.810194899929423
9.0792027688745	0.824827684434589
9.1106186954104	0.839598136801837
9.1420346219463	0.854560657086235
9.1734505484822	0.869637149884611
9.20486647501809	0.884870727236668
9.23628240155399	0.900193485339734
9.26769832808989	0.915638397790269
9.29911425462579	0.931146634990378
9.33053018116168	0.946742320947743
9.36194610769758	0.962374508833903
9.39336203423348	0.978059783596864
9.42477796076938	0.99375391369954
9.45619388730528	1.00946719686488
9.48760981384117	1.02516103658313
9.51902574037707	1.04084058773198
9.55044166691297	1.05647193088563
9.58185759344887	1.07205609078455
9.61327351998477	1.08756300358733
9.64468944652067	1.10299043828425
9.67610537305656	1.11831150128463
9.70752129959246	1.1335214467656
9.73893722612836	1.14859599297493
9.77035315266426	1.16352849837206
9.80176907920015	1.17829684747362
9.83318500573605	1.19289301511773
9.86460093227195	1.20729670336588
9.89601685880785	1.22149892422889
9.92743278534375	1.2354809294208
9.95884871187964	1.24923311268375
9.99026463841554	1.26273807341486
10.0216805649514	1.27598586902862
10.0530964914873	1.28896029731707
10.0845124180232	1.30165131049893
10.1159283445591	1.31404379676692
10.147344271095	1.3261277934021
10.1787601976309	1.337889202714
10.2101761241668	1.34931830460469
10.2415920507027	1.36040196295836
10.2730079772386	1.37113083177295
10.3044239037745	1.38149270108695
10.3358398303104	1.39147870968088
10.3672557568463	1.40107754986254
10.3986716833822	1.41028093930849
10.4300876099181	1.41907845532762
10.461503536454	1.42746247538496
10.4929194629899	1.43542344642551
10.5243353895258	1.44295447603525
10.5557513160617	1.45004686214951
10.5871672425976	1.45667288709872
10.6185831691335	1.46282701131672
10.6499990956694	1.46854816933436
10.6814150222053	1.47378541827782
10.7128309487412	1.47857826037076
10.7442468752771	1.4828780522199
10.775662801813	1.4867227456276
10.8070787283489	1.49006827658369
10.8384946548848	1.49294868481836
10.8699105814207	1.49532698776552
10.9013265079566	1.49723073121118
10.9327424344925	1.49863272656453
10.9641583610284	1.49955122093748
10.9955742875643	1.4999717615063
11.0269902141002	1.49990023155978
11.0584061406361	1.49933814353648
11.089822067172	1.49827560910016
11.1212379937079	1.49673373200061
11.1526539202438	1.49468296258768
11.1840698467797	1.49216819234759
11.2154857733156	1.48913562486821
11.2469016998515	1.48565896668737
11.2783176263874	1.48165457783789
11.3097335529233	1.47723121933357
11.3411494794592	1.47226833923308
11.3725654059951	1.46691776101738
11.4039813325309	1.46101280629529
11.4353972590668	1.45475895803796
11.4668131856027	1.44793104839512
11.4982291121386	1.44080263710683
11.5296450386745	1.43313620288275
11.5610609652104	1.42517546073145
11.5924768917463	1.41664679236003
11.6238928182822	1.40787182726144
11.6553087448181	1.39851590825215
11.686724671354	1.38895827587022
11.7181405978899	1.37881479505299
11.7495565244258	1.36850816973308
11.7809724509617	1.35762075503432
11.8123883774976	1.34660139579762
11.8438043040335	1.33501681007814
11.8752202305694	1.32332398195798
11.9066361571053	1.31109140851751
11.9380520836412	1.29876765626937
11.9694680101771	1.28593814486685
12.000883936713	1.27302937623159
12.0322998632489	1.25965546534501
12.0637157897848	1.24621085040181
12.0951317163207	1.23234634178315
12.1265476428566	1.21841806543563
12.1579635693925	1.204117906603
12.1893794959284	1.18976082315886
12.2207954224643	1.17508104946048
12.2522113490002	1.16035228640477
12.2836272755361	1.14534998098896
12.315043202072	1.13030852943069
12.3464591286079	1.11504177111732
12.3778750551438	1.09974808815703
12.4092909816797	1.08427586949646
12.4407069082156	1.06879150635112
12.4721228347515	1.05317361453311
12.5035387612874	1.03756087539385
12.5349546878233	1.02185773611269
12.5663706143592	1.00617936684561
12.5977865408951	0.99045185574716
12.629202467431	0.974770758355228
12.6606183939669	0.959079986828662
12.6920343205028	0.943458954414511
12.7234502470387	0.927866036961562
12.7548661735746	0.912367504061623
12.7862821001105	0.896933313945204
12.8176980266464	0.881619117947371
12.8491139531823	0.866404036810626
12.8805298797182	0.851335187286934
12.911945806254	0.836398853295752
12.9433617327899	0.821635307203859
12.9747776593258	0.807036365208272
13.0061935858617	0.792636806894805
13.0376095123976	0.778432663226541
13.0690254389335	0.764454288945316
13.1004413654694	0.750700872798505
13.1318572920053	0.737199180036361
13.1632732185412	0.723950712904732
13.1946891450771	0.710979295216413
13.226105071613	0.698288069554966
13.2575209981489	0.685898417888051
13.2889369246848	0.673814585999276
13.3203528512207	0.662055897687083
13.3517687777566	0.650627271777244
13.3831847042925	0.639546268540091
13.4146006308284	0.62881813293976
13.4460165573643	0.618458889416865
13.4774324839002	0.60847382612258
13.5088484104361	0.59891286294896
13.540264336972	0.589760013991182
13.5716802635079	0.580994696563808
13.6030961900438	0.572653615780863
13.6345121165797	0.564719317222695
13.6659280431156	0.557223414223534
13.6973439696515	0.550152083121463
13.7287598961874	0.543531540090234
13.7601758227233	0.537351607583081
13.7915917492592	0.531633236695159
13.8230076757951	0.526369544233202
13.854423602331	0.521576651165714
13.8858395288669	0.517250390434891
13.9172554554028	0.513402653106258
13.9486713819387	0.510031312680558
13.9800873084746	0.507144680524848
14.0115032350105	0.504741997193603
14.0429191615464	0.502828612882857
14.0743350880823	0.501404528226221
14.1057510146182	0.500472671452978
14.1371669411541	0.50003329574076
14.16858286769	0.500087347527168
14.1999987942259	0.500634933508953
14.2314147207618	0.501675359246359
14.2628306472977	0.503208288215664
14.2942465738336	0.505231637891811
14.3256625003695	0.507744419889302
14.3570784269054	0.510743344415145
14.3884943534413	0.514226633843697
14.4199102799772	0.518189916844525
14.451326206513	0.522630544250555
14.4827421330489	0.527543149039057
14.5141580595848	0.532924169429657
14.5455739861207	0.538767301110026
14.5769899126566	0.545068058929718
14.6084058391925	0.551819241712745
14.6398217657284	0.559015452479834
14.6712376922643	0.566648622358285
14.7026536188002	0.574712470940481
14.7340695453361	0.583198083925635
14.765485471872	0.592098339512139
14.7969013984079	0.601403495711142
14.8283173249438	0.611105643730877
14.8597332514797	0.621194227700214
14.8911491780156	0.631577941778657
14.9225651045515	0.642389800287194
14.9539810310874	0.653489023197659
14.9853969576233	0.664996657780759
15.0168128841592	0.676769029390561
15.0482288106951	0.688926169025849
15.079644737231	0.701326456987624
15.1110606637669	0.714084445100532
15.1424765903028	0.727064654204558
15.1738925168387	0.740372697485339
15.2053084433746	0.753882239283869
15.2367243699105	0.767687616891329
15.2681402964464	0.78167352839241
15.2995562229823	0.795921774473973
15.3309721495182	0.810328971028095
15.3623880760541	0.824964044536016
15.39380400259	0.839735592501774
15.4252199291259	0.854700046203989
15.4566358556618	0.86977744377195
15.4880517821977	0.885012600832897
15.5194677087336	0.90033605897121
15.5508836352695	0.915782201786924
15.5822995618054	0.931290920622987
15.6137154883413	0.946887493483669
15.6451314148772	0.962519932037175
15.6765473414131	0.978205756957169
15.707963267949	0.993899895857432
15.7393791944849	1.00961339955272
15.7707951210208	1.0253069973022
15.8022110475567	1.04098644664681
15.8336269740926	1.05661729032834
15.8650429006285	1.07220103347106
15.8964588271644	1.087707184747
15.9278747537003	1.10313389521952
15.9592906802361	1.11845393221404
15.990706606772	1.1336628536568
16.0221225333079	1.14873610897562
16.0535384598438	1.16366729844202
16.0849543863797	1.1784340932479
16.1163703129156	1.19302866135986
16.1477862394515	1.20743053512996
16.1792021659874	1.22163088161654
16.2106180925233	1.23561081697408
16.2420340190592	1.24936086032159
16.2734499455951	1.26286350215845
16.304865872131	1.27610890223516
16.3362817986669	1.28908077021278
16.3676977252028	1.30176914281054
16.3991136517387	1.31415883622693
16.4305295782746	1.32623995848907
16.4619455048105	1.33799835241044
16.4933614313464	1.34942435808961
16.5247773578823	1.3605047895408
16.5561932844182	1.37123035294069
16.5876092109541	1.38158879579423
16.61902513749	1.3915713030676
16.6504410640259	1.40116653001248
16.6818569905618	1.41036623615349
16.7132729170977	1.41915996566333
16.7446888436336	1.42754013492261
16.7761047701695	1.4354971602873
16.8075206967054	1.44302418659188
16.8389366232413	1.45011248242334
16.8703525497772	1.45673375675585
16.9017684763131	1.46288432926221
16.933184402849	1.46860060696511
16.9646003293849	1.47383419162957
16.9960162559208	1.47862206841409
17.0274321824567	1.48291807068241
17.0588481089926	1.48675776254134
17.0902640355285	1.49009936283032
17.1216799620644	1.49297478552447
17.1530958886003	1.49534899817878
17.1845118151362	1.49724782757118
17.2159277416721	1.49864555164888
17.247343668208	1.49955926231621
17.2787595947439	1.49997532590703
17.3101755212798	1.49989920553856
17.3415914478157	1.49933240559222
17.3730073743516	1.49826554241373
17.4044233008875	1.49671868273727
17.4358392274234	1.49466392238926
17.4672551539593	1.49214385378105
17.4986710804951	1.4891077204808
17.530087007031	1.48562538923092
17.5615029335669	1.48161796324198
17.5929188601028	1.47718847798539
17.6243347866387	1.47222321669225
17.6557507131746	1.46686594980261
17.6871666397105	1.46095943177351
17.7185825662464	1.45469818184009
17.7499984927823	1.44786973984473
17.7814144193182	1.44073299943907
17.8128303458541	1.43306809182687
17.84424627239	1.42509705893094
17.8756621989259	1.41657155836774
17.9070781254618	1.4077850283447
17.9384940519977	1.39843374452571
17.9699099785336	1.38886354908511
18.0013259050695	1.37872586731508
18.0327418316054	1.36840605932986
18.0641577581413	1.3575252281353
18.0955736846772	1.34649249007401
18.1269896112131	1.33491487457806
18.158405537749	1.3232088852251
18.1898214642849	1.31098330189465
18.2212373908208	1.29864696786245
18.2526533173567	1.28582416468585
18.2840692438926	1.27290367797817
18.3154851704285	1.25953597411513
18.3469010969644	1.24608070185508
18.3783170235003	1.23222176485928
18.4097329500362	1.21828400497584
18.4411488765721	1.20398872524318
18.472564803108	1.18962337269232
18.5039807296439	1.17494779122424
18.5353966561798	1.16021195759412
18.5668125827157	1.14521320930162
18.5982285092516	1.13016582989243
18.6296444357875	1.11490207528627
18.6610603623234	1.09960352663669
18.6924762888593	1.08413385592362
18.7238922153952	1.06864559639506
18.7553081419311	1.05302989942536
18.786724068467	1.03741413741448
18.8181399950029	1.02171293968369
18.8495559215388	1.00603232871714
18.8809718480747	0.990306597723945
18.9123877746106	0.974623954799305
18.9438037011465	0.958934882998293
18.9752196276823	0.943312925472799
19.0066355542182	0.927721696483634
19.0380514807541	0.912222792936546
19.06946740729	0.896790337186863
19.1008833338259	0.881476268449668
19.1322992603618	0.866263013509254
19.1637151868977	0.851194741076502
19.1951311134336	0.836260360906381
19.2265470399695	0.821497800960325
19.2579629665054	0.806900967339516
19.2893788930413	0.792502769511556
19.3207948195772	0.778300908107126
19.3522107461131	0.764324238807437
19.383626672649	0.750573291745187
19.4150425991849	0.737073622418746
19.4464585257208	0.723827818782781
19.4778744522567	0.710858719821978
19.5092903787926	0.698170355235955
19.5407063053285	0.685783296535754
19.5721222318644	0.673702522829374
19.6035381584003	0.661946682153847
19.6349540849362	0.650521308074424
19.6663700114721	0.639443388558352
19.697785938008	0.628718692541729
19.7292018645439	0.61836275082954
19.7606177910798	0.608381307010316
19.7920337176157	0.598824652055636
19.8234496441516	0.589674766861152
19.8548655706875	0.580913851453881
19.8862814972234	0.572575992650863
19.9176974237593	0.564646155729847
19.9491133502952	0.557153730630863
19.9805292768311	0.550086898508912
20.011945203367	0.543470074856809
20.0433611299029	0.537294666173838
20.0747770564388	0.531580232411215
20.1061929829747	0.526321082770983
20.1376089095106	0.521532314917254
20.1690248360465	0.517210613609984
20.2004407625824	0.513367157109282
20.2318566891183	0.51000039108813
20.2632726156542	0.507118162498708
20.2946885421901	0.504720065828443
20.326104468726	0.50281117613702
20.3575203952619	0.501391685498833
20.3889363217978	0.500464384751051
20.4203522483337	0.500029602935289
20.4517681748696	0.500088244830254
20.4831841014055	0.500640414584334
20.5146000279413	0.501685439438951
20.5460159544772	0.503222929860921
20.5774318810131	0.505250864574506
20.608847807549	0.507768171766258
20.6402637340849	0.510771645822965
20.6716796606208	0.514259408974526
20.7030955871567	0.518227185926081
20.7345115136926	0.522672219527648
20.7659274402285	0.527589243713704
20.7973433667644	0.532974586239353
20.8287592933003	0.538822044708397
20.8601752198362	0.545127023889868
20.8915911463721	0.551882423599536
20.923007072908	0.559082738295363
20.9544229994439	0.566719998733699
20.9858389259798	0.574787817382534
21.0172548525157	0.583277378802289
21.0486707790516	0.592181454526441
21.0800867055875	0.601490402065937
21.1115026321234	0.611196204680399
21.1429185586593	0.621288408805824
21.1743344851952	0.631674647091346
21.2057504117311	0.642490845708496
21.237166338267	0.653592370043066
21.2685822648029	0.665104153882831
21.2999981913388	0.676878628802201
21.3314141178747	0.689039678715737
21.3628300444106	0.701441891801115
21.3942459709465	0.714203510822756
21.4256618974824	0.727185479970043
21.4570778240183	0.740496843512636
21.4884937505542	0.754007985973272
21.5199096770901	0.76781635106468
21.551325603626	0.781803702703299
21.5827415301619	0.796054589600296
21.6141574566978	0.810463059062292
21.6455733832337	0.825100419644764
21.6769893097696	0.839873062623134
21.7084052363055	0.854839447821655
21.7398211628414	0.869917749497696
21.7712370893773	0.885154484379627
21.8026530159132	0.900478641804914
21.8340689424491	0.915926013147992
21.865484868985	0.931435212783128
21.8969007955209	0.947032670767989
21.9283167220568	0.962665359068295
21.9597326485927	0.978351732427974
21.9911485751286	0.994045879131017
22.0225645016644	1.00975960170038
22.0539804282003	1.02545295642401
22.0853963547362	1.04113230236787
22.1168122812721	1.0567626454711
22.148228207808	1.07234597031771
22.1796441343439	1.08785135892483
22.2110600608798	1.10327734368699
22.2424759874157	1.11859635351078
22.2738919139516	1.13380424948121
22.3053078404875	1.14887621273376
22.3367237670234	1.16380608488587
22.3681396935593	1.17857132422049
22.3995556200952	1.19316429146681
22.4309715466311	1.20756434959343
22.462387473167	1.22176282042054
22.4938033997029	1.2357406847974
22.5252193262388	1.24948858699786
22.5566352527747	1.26298890882134
22.5880511793106	1.27623191218244
22.6194671058465	1.28920121876446
22.6508830323824	1.30188694965469
22.6822989589183	1.31427384917546
22.7137148854542	1.32635209599863
22.7451308119901	1.33810747353191
22.776546738526	1.34953038199366
22.8079626650619	1.3606075855964
22.8393785915978	1.37132984263833
22.8707945181337	1.38168485814151
22.9022104446696	1.39166386321635
22.9336263712055	1.40125547609451
22.9650422977414	1.41045149812046
22.9964582242773	1.41924144035422
23.0278741508132	1.42761775807555
23.0592900773491	1.43557083706327
23.090706003885	1.44309385939512
23.1221219304209	1.45017806430993
23.1535378569568	1.45679458792337
23.1849537834927	1.4629416075626
23.2163697100286	1.46865300518029
23.2477856365645	1.47388292423048
23.2792015631004	1.47866583627546
23.3106174896363	1.48295804744946
23.3420334161722	1.48679273866521
23.3734493427081	1.4901304066053
23.404865269244	1.49300084499106
23.4362811957799	1.49537096551773
23.4676971223158	1.49726488240134
23.4991130488517	1.49865833323232
23.5305289753876	1.4995672620367
23.5619449019234	1.49997884655598
23.5933608284593	1.49989813789714
23.6247767549952	1.49932662381763
23.6561926815311	1.49825543431848
23.687608608067	1.49670358973045
23.7190245346029	1.49464484117667
23.7504404611388	1.49211947171224
23.7818563876747	1.48907977567154
23.8132723142106	1.48559176865144
23.8446882407465	1.48158130903512
23.8761041672824	1.47714569400811
23.9075200938183	1.47217805560123
23.9389360203542	1.46681409653365
23.9703519468901	1.4609060200601
24.001767873426	1.45463736419494
24.0331837999619	1.44780839583483
24.0645997264978	1.44066332089015
24.0960156530337	1.43299994700873
24.1274315795696	1.42501861918758
24.1588475061055	1.4164962903769
24.1902634326414	1.40769819521747
24.2216793591773	1.39835154618033
24.2530952857132	1.3887687922664
24.2845112122491	1.37863690424095
24.315927138785	1.36830392314044
24.3473430653209	1.357429665384
24.3787589918568	1.34638356256883
24.4101749183927	1.33481290315923
24.4415908449286	1.32309377026824
24.4730067714645	1.31087515989795
24.5044226980004	1.29852626425631
24.5358386245363	1.28571015035216
24.5672545510722	1.27277796703169
24.5986704776081	1.25941645060917
24.630086404144	1.24595054268474
24.6615023306799	1.23209715810858
24.6929182572158	1.21814993564151
24.7243341837517	1.203859516961
24.7557501102876	1.18948591490307
24.7871660368235	1.17481450929761
24.8185819633594	1.16007162292675
24.8499978898953	1.14507641736331
24.8814138164312	1.13002312596694
24.9128297429671	1.11476236274913
24.944245669503	1.09945896226618
24.9756615960389	1.08399182921556
25.0070775225748	1.06849968523308
25.0384934491107	1.05288617472194
25.0699093756465	1.03726739999952
25.1013253021824	1.02156813712912
25.1327412287183	1.00588529305211
25.1641571552542	0.990161336952896
25.1955730817901	0.974477155725567
25.226989008326	0.958789779693341
25.2584049348619	0.943166903135026
25.2898208613978	0.927577359694924
25.3212367879337	0.912078090619135
25.3526527144696	0.896647367171232
25.3840686410055	0.881333430022305
25.4154845675414	0.866121999894853
25.4469004940773	0.851054308234741
25.4783164206132	0.836121881040504
25.5097323471491	0.821360310396945
25.541148273685	0.806765584724101
25.5725642002209	0.792368750112017
25.6039801267568	0.77816917086434
25.6353960532927	0.764194208929499
25.6668119798286	0.750445731084242
25.6982279063645	0.736948087292406
25.7296438329004	0.723704947459367
25.7610597594363	0.710738169089411
25.7924756859722	0.69805266600909
25.8238916125081	0.685668201940993
25.855307539044	0.673590486928966
25.8867234655799	0.661837495386183
25.9181393921158	0.650415373697977
25.9495553186517	0.639340539251268
25.9809712451876	0.628619283402006
26.0123871717235	0.618266644716939
26.0438030982594	0.608288820958825
26.0752190247953	0.598736474686425
26.1066349513312	0.58958955458546
26.1380508778671	0.580833041324791
26.169466804403	0.572498405973372
26.2008827309389	0.56457303059216
26.2322986574748	0.557084084890143
26.2637145840107	0.550021751531716
26.2951305105466	0.54340864868168
26.3265464370825	0.537237763568413
26.3579623636184	0.531527268208692
26.3893782901543	0.526272661150355
26.4207942166902	0.521488019600362
26.4522101432261	0.51717087751674
26.483626069762	0.513331702729219
26.5150419962979	0.509969510956473
26.5464579228338	0.507091686615193
26.5778738493696	0.504698176483135
26.6092897759055	0.502793781902178
26.6407057024414	0.501378885175086
26.6721216289773	0.500456140771285
26.7035375555132	0.50002595273968
26.7349534820491	0.500089184908352
26.766369408585	0.500645938298093
26.7977853351209	0.50169556229957
26.8292012616568	0.503237613996641
26.8606171881927	0.505270133657092
26.8920331147286	0.507791965811522
26.9234490412645	0.510799989200715
26.9548649678004	0.514292225780061
26.9862808943363	0.518264496385949
27.0176968208722	0.522713935817642
27.0491127474081	0.527635379014529
27.080528673944	0.533025043235596
27.1119446004799	0.538876828022405
27.1433605270158	0.545186028049735
27.1747764535517	0.551945644136085
27.2061923800876	0.559150062167816
27.2376083066235	0.566791412541653
27.2690242331594	0.574863200587758
27.3004401596953	0.583356709747831
27.3318560862312	0.592264604864722
27.3632720127671	0.601577342985353
27.394687939303	0.611286799375338
27.4261038658389	0.621382622837956
27.4575197923748	0.631771383927283
27.4889357189107	0.642591922092059
27.5203516454466	0.653695746754707
27.5517675719825	0.665211678871252
27.5831834985184	0.676988256282861
27.6145994250543	0.689153215128573
27.6460153515902	0.701557352741448
27.6774312781261	0.7143226010339
27.708847204662	0.727306329778207
27.7402631311979	0.740621011734584
27.7716790577338	0.75413375448862
27.8030949842697	0.767945105083905
27.8345109108056	0.781933896504695
27.8659268373415	0.796187422172255
27.8973427638774	0.810597164149188
27.9287586904133	0.825236809749591
27.9601746169492	0.840010547274205
27.9915905434851	0.854978861939012
28.023006470021	0.870058067161873
28.0544223965569	0.885296377886516
28.0858383230928	0.900621233933422
28.1172542496286	0.916069831891715
28.1486701761645	0.931579511556841
28.1800861027004	0.947177852826214
28.2115020292363	0.96281079000766
28.2429179557722	0.978497710040769
28.2743338823081	0.994191863595856
28.305749808844	1.00990580334413
28.3371657353799	1.02559891402001
28.3685816619158	1.04127815493516
28.3999975884517	1.05690799638179
28.4314135149876	1.07249090136724
28.4628294415235	1.08799552618561
28.4942453680594	1.10342078373135
28.5256612945953	1.11873876523685
28.5570772211312	1.13394563428475
28.5884931476671	1.14901630430885
28.619909074203	1.16394485775014
28.6513250007389	1.17870854044849
28.6827409272748	1.19329990548518
28.7141568538107	1.20769814681113
28.7455727803466	1.22189474068706
28.7769887068825	1.23587053294334
28.8084046334184	1.24961629275796
28.8398205599543	1.26311429345387
28.8712364864902	1.27635489891472
28.9026524130261	1.28932164302016
28.934068339562	1.30200473107414
28.9654842660979	1.31438883565819
28.9969001926338	1.32646420597175
29.0283161191697	1.33821656612165
29.0597320457056	1.34963637635582
29.0911479722415	1.36071035116581
29.1225638987774	1.37142930090266
29.1539798253133	1.38178088816678
29.1853957518492	1.39175639016153
29.2168116783851	1.40134438814383
29.248227604921	1.41053672524118
29.2796435314569	1.41932287943264
29.3110594579928	1.42769534487278
29.3424753845287	1.43564447678282
29.3738913110646	1.44316349447101
29.4053072376005	1.45024360783561
29.4367231641364	1.45685538062411
29.4681390906723	1.46299884624126
29.4995550172082	1.46870536399952
29.5309709437441	1.47393161610082
29.56238687028	1.47870956397122
29.5938027968159	1.48299798253811
29.6252187233517	1.48682767401228
29.6566346498876	1.49016140792234
29.6880505764235	1.49302686322799
29.7194665029594	1.49539288979258
29.7508824294953	1.49728189570833
29.7822983560312	1.4986710713214
29.8137142825671	1.49957522010256
29.845130209103	1.49998232345587
29.8765461356389	1.49989702863622
29.9079620621748	1.49932079821141
29.9393779887107	1.49824528481238
29.9707939152466	1.49668845297459
30.0022098417825	1.49462571894546
30.0336257683184	1.49209504613105
30.0650416948543	1.48905179043392
30.0964576213902	1.48555810493395
30.1278735479261	1.48154461520926
30.159289474462	1.47710286738134
30.1907054009979	1.47213285595114
30.2221213275338	1.46676220118405
30.2535372540697	1.46085257114646
30.2849531806056	1.45457650506897
30.3163691071415	1.44774701635868
30.3477850336774	1.44059360141786
30.3792009602133	1.43293176842522
30.4106168867492	1.42494014144846
30.4420328132851	1.4164209883891
30.473448739821	1.40761132781253
30.5048646663569	1.39826931322478
30.5362805928928	1.38867400533012
30.5676965194287	1.37854790584797
30.5991124459646	1.36820176106367
30.6305283725005	1.35733406680646
30.6619442990364	1.34627461316559
30.6933602255723	1.3347108958548
30.7247761521082	1.3229786369592
30.7561920786441	1.31076698256493
30.78760800518	1.29840554531563
30.8190239317159	1.2855961019044
30.8504398582518	1.27265224325426
30.8818557847877	1.25929689486353
30.9132717113236	1.24582037275441
30.9446876378595	1.23197252156238
30.9761035643954	1.21801585730082
31.0075194909313	1.20373028178063
31.0389354174672	1.18934844966589
31.0703513440031	1.17468120369631
31.101767270539	1.1599312822851
31.1331831970748	1.14493960518071
31.1645991236107	1.12988041754471
31.1960150501466	1.11462263350363
31.2274309766825	1.09931439494385
31.2588469032184	1.08384978936156
31.2902628297543	1.06835377277091
31.3216787562902	1.05274244040448
31.3530946828261	1.03712066306137
31.384510609362	1.02142332842401
31.4159265358979	1.00573825976887
31.4473424624338	0.990016073403447
31.4787583889697	0.974330361057512
31.5101743155056	0.958644676878712
31.5415902420415	0.943020887329185
31.5730061685774	0.927433026556806
31.6044220951133	0.911933397041303
31.6358380216492	0.89650440385706
31.6672539481851	0.881190602600659
31.698669874721	0.865980995924352
31.7300858012569	0.850913888700138
31.7615017277928	0.835983413653947
31.7929176543287	0.821222835455064
31.8243335808646	0.806630217317361
31.8557495074005	0.792234748640192
31.8871654339364	0.778037451453556
31.9185813604723	0.76406419925808
31.9499972870082	0.750318190771559
31.9814132135441	0.736822574606427
32.01282914008	0.723582098891306
32.0442450666159	0.710617642970308
32.0756609931518	0.697935001832469
32.1070769196877	0.685553134057872
32.1384928462236	0.673478478257754
32.1699087727595	0.661728337340758
32.2013246992954	0.65030946860949
32.2327406258313	0.639237720578139
32.2641565523672	0.628519905484309
32.2955724789031	0.61817057104108
32.326988405439	0.608196367934187
32.3584043319749	0.598648330806633
32.3898202585108	0.589504377132486
32.4212361850467	0.58075226614493
32.4526521115826	0.572420855719172
32.4840680381185	0.564499941781239
32.5154839646544	0.55701447697473
32.5468998911903	0.549956642164744
32.5783158177261	0.543347261540971
32.6097317442621	0.537180899744952
32.6411476707979	0.531474344066679
32.6725635973338	0.526224279352732
32.7039795238697	0.521443765197264
32.7353954504056	0.517131182139842
32.7668113769415	0.513296289951569
32.7982273034774	0.509938672273549
32.8296432300133	0.507065252863174
32.8610591565492	0.504676329148939
32.8924750830851	0.502776430170636
32.923891009621	0.501366127249566
32.9553069361569	0.500447939509454
32.9867228626928	0.50002234515187
33.0181387892287	0.500090167760723
33.0495547157646	0.500651504651533
33.0809706423005	0.501705727830958
33.1123865688364	0.503252340627502
33.1438024953723	0.505289445145776
33.1752184219082	0.507815802033142
33.2066343484441	0.510828374558027
33.23805027498	0.514325084271699
33.2694662015159	0.518301848237145
33.3008821280518	0.522755693135256
33.3322980545877	0.527681554957874
33.3637139811236	0.533075540436376
33.3951299076595	0.53893165107165
33.4265458341954	0.54524507143051
33.4579617607313	0.552008903345178
33.4893776872672	0.559217424121502
33.5207936138031	0.566862863808035
33.552209540339	0.574938620583489
33.5836254668749	0.583436076791158
33.6150413934108	0.592347790557241
33.6464573199467	0.601664318501188
33.6778732464826	0.61137742784875
33.7092891730185	0.621476869831178
33.7407050995544	0.631868152321681
33.7721210260903	0.642693029475127
33.8035369526262	0.653799153370207
33.8349528791621	0.66531923278586
33.866368805698	0.677097911872373
33.8977847322339	0.689266778306677
33.9292006587698	0.701672839850491
33.9606165853057	0.714441715778581
33.9920325118416	0.727427203672811
34.0234484383775	0.740745202197901
34.0548643649134	0.754259544875426
34.0862802914493	0.768073878997587
34.1176962179852	0.782064109843735
34.149112144521	0.796320272240053
34.180528071057	0.810731286337403
34.2119439975928	0.825373214902064
34.2433599241287	0.840148046504946
34.2747758506646	0.855118288608758
34.3061917772005	0.870198396815619
34.3376077037364	0.885438281407156
34.3690236302723	0.900763835408879
34.4004395568082	0.916213658072356
34.4318554833441	0.931723816997072
34.46327140988	0.947323039713067
34.4946873364159	0.962956224908786
34.5261032629518	0.978643689850534
34.5575191894877	0.994337849305829
34.5889351160236	1.01005200453902
34.6203510425595	1.02574487014419
34.6517669690954	1.04142400440357
34.6831828956313	1.05705334311433
34.7145988221672	1.0726358266742
34.7460147487031	1.08813968658294
34.777430675239	1.10356421540659
34.8088466017749	1.11888116744533
34.8402625283108	1.13408700812063
34.8716784548467	1.14915638375321
34.9030943813826	1.16408361708708
34.9345103079185	1.17884574198328
34.9659262344544	1.19343550346608
34.9973421609903	1.20783192683324
35.0287580875262	1.22202664246586
35.0601740140621	1.23600036146069
35.091589940598	1.24974397765008
35.1230058671339	1.26323965610322
35.1544217936698	1.27647786247847
35.1858377202057	1.28944204302526
35.2172536467416	1.30212248711348
35.2486695732775	1.31450379571855
35.2800854998134	1.32657628845097
35.3115014263493	1.33832563022092
35.3429173528852	1.34974234121638
35.3743332794211	1.36081308628801
35.405749205957	1.37152872777153
35.4371651324929	1.38187688590653
35.4685810590288	1.39184888393841
35.4999969855647	1.40143326619434
35.5314129121006	1.4106219175482
35.5628288386365	1.41940428292973
35.5942447651724	1.42777289534401
35.6256606917082	1.43571807947418
35.6570766182442	1.44323309184629
35.68849254478	1.4503091130256
35.7199084713159	1.45691613488165
35.7513243978518	1.4630560453204
35.7827403243877	1.4687576834432
35.8141562509236	1.47398026725973
35.8455721774595	1.47875325151849
35.8769881039954	1.48303787596437
35.9084040305313	1.48686256859634
35.9398199570672	1.49019236679424
35.9712358836031	1.49305284024565
36.002651810139	1.49541477101284
36.0340677366749	1.49729886749918
36.0654836632108	1.49868376592221
36.0968995897467	1.4995831365175
36.1283155162826	1.49998575660929
36.1597314428185	1.49989587775628
36.1911473693544	1.49931492877249
36.2225632958903	1.49823509389282
36.2539792224262	1.49667327246484
36.2853951489621	1.4946065556901
36.316811075498	1.49207057702867
36.3482270020339	1.48902376475975
36.3796429285698	1.48552439806543
36.4110588551057	1.48150788175395
36.4424747816416	1.47705999808754
36.4738907081775	1.47208761772984
36.5053066347134	1.46671026373126
36.5367225612493	1.46079908501955
36.5681384877852	1.45451560443388
36.5995544143211	1.44768560140367
36.630970340857	1.4405238409869
36.6623862673929	1.43286355606548
36.6938021939288	1.42486162566959
36.7252181204647	1.41634565239631
36.7566340470006	1.4075244260735
36.7880499735365	1.3981870456565
36.8194659000724	1.38857918820464
36.8508818266083	1.37845887214103
36.8822977531442	1.3680995730118
36.9137136796801	1.35723843241548
36.945129606216	1.3461656417617
36.9765455327519	1.33460885268454
37.0079614592878	1.32286348518361
37.0393773858237	1.3106587699201
37.0707933123596	1.29828481091835
37.1022092388955	1.28548201936887
37.1336251654314	1.27252650652042
37.1650410919673	1.25917730690331
37.1964570185031	1.24569019193898
37.2278729450391	1.23184785524193
37.2592888715749	1.21788176983197
37.2907047981108	1.2036010197174
37.3221207246467	1.18921097686432
37.3535366511826	1.17454787442847
37.3849525777185	1.15979093555918
37.4163685042544	1.14480277275412
37.4477844307903	1.12973770452267
37.4792003573262	1.11448288754222
37.5106162838621	1.09916982457345
37.542032210398	1.08370773634662
37.5734481369339	1.0682078589187
37.6048640634698	1.05259869645123
37.6362799900057	1.03697392651607
37.6676959165416	1.02127851354068
37.6991118430775	1.00559122878867
37.7305277696134	0.989870807042965
37.7619436961493	0.974183570721034
37.7933596226852	0.958499574517741
37.8247755492211	0.94287487798524
37.856191475757	0.927288697029467
37.8876074022929	0.911788712136606
37.9190233288288	0.896361447202221
37.9504392553647	0.881047786121483
37.9818551819006	0.865840001554047
38.0132711084365	0.850773482412335
38.0446870349724	0.835844958702092
38.0761029615083	0.821085376076978
38.1075188880442	0.806494865074348
38.1389348145801	0.792100765040905
38.170350741116	0.777905749830005
38.2017666676519	0.763934209740432
38.2331825941878	0.750190670762996
38.2645985207237	0.736697084310468
38.2960144472596	0.723459273035454
38.3274303737955	0.710497141416734
38.3588463003314	0.697817362664293
38.3902622268673	0.685438092840918
38.4216781534032	0.673366496775578
38.4530940799391	0.661619207974622
38.484510006475	0.650203592770715
38.5159259330109	0.639134932498621
38.5473418595468	0.62842055875253
38.5787577860827	0.618074529764317
38.6101737126186	0.608103947902633
38.6415896391545	0.598560220381861
38.6730055656904	0.589419234470784
38.7044214922263	0.580671525882954
38.7358374187622	0.572343341859229
38.767253345298	0.564426889268912
38.798669271834	0.556944906858168
38.8300851983698	0.549891570383056
38.8615011249057	0.543285913410991
38.8929170514416	0.537124074681765
38.9243329779775	0.531421459964443
38.9557489045134	0.526175937359671
38.9871648310493	0.521399551690347
39.0185807575852	0.517091527464104
39.0499966841211	0.513260918761974
39.081412610657	0.509907875027438
39.1128285371929	0.507038861231648
39.1442444637288	0.504654523817227
39.1756603902647	0.502759120934808
39.2070763168006	0.501353411716954
39.2384922433365	0.500439780961427
39.2699081698724	0.500018780169878
39.3013240964083	0.500091193386702
39.3327400229442	0.500657113646027
39.3641559494801	0.501715936035911
39.395571876016	0.503267109758242
39.4269878025519	0.505308799046794
39.4584037290878	0.507839680439213
39.4898196556237	0.510856801904542
39.5212355821596	0.514357984460875
39.5526515086955	0.518339241492675
39.5840674352314	0.52279749149522
39.6154833617673	0.527727771560049
39.6468992883032	0.533126077859676
39.6783152148391	0.538986513875685
39.709731141375	0.54530415405336
39.7411470679109	0.552072201249533
39.7725629944468	0.5592848241807
39.8039789209827	0.566934352558638
39.8353948475186	0.575014077397026
39.8668107740545	0.583515479961037
39.8982267005904	0.592431011634222
39.9296426271263	0.601751328645067
39.9610585536622	0.611468090133683
39.9924744801981	0.621571149819871
40.023890406734	0.631964952309736
40.0553063332699	0.642794167894715
40.0867222598058	0.653902589927155
40.1181381863417	0.665426815666265
40.1495541128776	0.677207595610513
40.1809700394135	0.689380368292114
40.2123859659494	0.701788353170036
40.2438018924852	0.714560855101154
40.2752178190212	0.727548101697509
40.306633745557	0.740869414949022
40.3380496720929	0.754385357179097
40.3694655986288	0.768202672854013
40.4008815251647	0.782194342767439
40.4322974517006	0.796453139853586
40.4637133782365	0.810865425675453
40.4951293047724	0.825509635153436
40.5265452313083	0.840285560365212
40.5579611578442	0.855257727883282
40.5893770843801	0.87033873850995
40.620793010916	0.885580194994837
40.6522089374519	0.900906446283276
40.6836248639878	0.916357491743898
40.7150407905237	0.931868129156575
40.7464567170596	0.947468231483002
40.7778726435955	0.963101663825018
40.8092885701314	0.978789671911977
40.8407044966673	0.994483836314627
40.8721204232032	1.01019820533981
40.9035363497391	1.0258908248504
40.934952276275	1.04156985082769
40.9663682028109	1.05719868572245
40.9977841293468	1.07278074629284
41.0292000558827	1.08828384017025
41.0606159824186	1.10370763876637
41.0920319089545	1.11902356018911
41.1234478354904	1.13422837104176
41.1548637620263	1.14929645111897
41.1862796885622	1.16422236294864
41.2176956150981	1.17898292887601
41.249111541634	1.19357108546027
41.2805274681699	1.20796568970971
41.3119433947058	1.2221585258064
41.3433593212417	1.23613017039801
41.3747752477776	1.24987164172215
41.4061911743135	1.26336499681635
41.4376071008494	1.27660080291989
41.4690230273853	1.28956241882496
41.5004389539212	1.302240217817
41.5318548804571	1.31461872939975
41.563270806993	1.32668834347849
41.5946867335289	1.33843466587081
41.6261026600648	1.34984827661529
41.6575185866007	1.36091579100176
41.6889345131366	1.37162812328252
41.7203504396725	1.38197285139708
41.7517663662084	1.39194134458202
41.7831822927443	1.4015221102797
41.8145982192801	1.41070707507388
41.846014145816	1.41948565087636
41.8774300723519	1.42785040951879
41.9088459988878	1.43579164516533
41.9402619254237	1.44330265154758
41.9716778519596	1.45037457990485
42.0030937784955	1.45697685071946
42.0345097050314	1.46311320482203
42.0659256315673	1.4688099635316
42.0973415581032	1.47402887772619
42.1287574846391	1.47879689893427
42.160173411175	1.48307772774408
42.1915893377109	1.48689742243106
42.2230052642468	1.49022328323364
42.2544211907827	1.49307877605436
42.2858371173186	1.49543660918784
42.3172530438545	1.49731579778087
42.3486689703904	1.49869641704073
42.3800848969263	1.49959101128517
42.4115008234622	1.49998914601871
42.4429167499981	1.49989468525773
42.474332676534	1.49930901549976
42.5057486030699	1.49822486155708
42.5371645296058	1.49665804819635
42.5685804561417	1.49458735140495
42.5999963826776	1.49204606439633
42.6314123092135	1.48899569864073
42.6628282357494	1.48549064803298
42.6942441622853	1.48147110865857
42.7256600888212	1.47701708610936
42.7570760153571	1.47204234092492
42.788491941893	1.46665828415302
42.8199078684289	1.46074556166602
42.8513237949648	1.45445466226178
42.8827397215007	1.44762415095677
42.9141556480366	1.4404540395626
42.9455715745725	1.43279530991805
42.9769875011084	1.42478307180783
43.0084034276443	1.41627028238968
43.0398193541802	1.407437489945
43.0712352807161	1.39810474347205
43.102651207252	1.38848434081958
43.1340671337879	1.37836980312395
43.1654830603238	1.36799735889848
43.1968989868597	1.35714276222271
43.2283149133956	1.34605664825609
43.2597308399314	1.33450677366691
43.2911467664673	1.32274831482876
43.3225626930032	1.3105505219866
43.3539786195391	1.29816406094414
43.385394546075	1.28536790277057
43.4168104726109	1.27240075670642
43.4482263991468	1.25905768675236
43.4796423256827	1.245560000115
43.5110582522186	1.23172315916732
43.5424741787545	1.21774767311474
43.5738901052904	1.20347173078563
43.6053060318263	1.1890734963833
43.6367219583622	1.17441452150133
43.6681378848981	1.15965058264023
43.699553811434	1.14466592008312
43.7309697379699	1.12959498679878
43.7623856645058	1.11434312485674
43.7938015910417	1.09902525105964
43.8252175175776	1.08356567015526
43.8566334441135	1.06806194358749
43.8880493706494	1.05245494284005
43.9194652971853	1.03682719028043
43.9508812237212	1.02113369245119
43.9822971502571	1.00544420003352
44.013713076793	0.989725537838621
44.0451290033289	0.974036784642701
44.0765449298648	0.958354472573635
44.1079608564007	0.942728875033785
44.1393767829366	0.927144371073027
44.1707927094725	0.911644035839163
44.2022086360084	0.896218497164566
44.2336245625443	0.880904980522045
44.2650404890802	0.865699016740255
44.2964564156161	0.850633089311449
44.327872342152	0.835706516140378
44.3592882686879	0.820947932205451
44.3907041952238	0.806359527950183
44.4221201217597	0.791966799259431
44.4535360482956	0.777774065948994
44.4849519748315	0.763804240324264
44.5163679013674	0.750063171014461
44.5477838279033	0.736571616354655
44.5791997544392	0.723336469848715
44.6106156809751	0.710376664381228
44.642031607511	0.697699748462805
44.6734475340469	0.685323078245136
44.7048634605828	0.673254542442313
44.7362793871186	0.661510107245301
44.7676953136546	0.650097746143416
44.7991112401904	0.639032174972835
44.8305271667263	0.628321243170572
44.8619430932622	0.617978520849442
44.8933590197981	0.608011560830435
44.924774946334	0.598472143378147
44.9561908728699	0.589334126568935
44.9876067994058	0.580590820507932
45.0190227259417	0.572265864364551
45.0504386524776	0.564353873027403
45.0818545790135	0.556875374514045
45.1132705055494	0.549826536162085
45.1446864320853	0.543224604268103
45.1761023586212	0.537067288357493
45.2075182851571	0.531368615881311
45.238934211693	0.526127635153031
45.2703501382289	0.521355379062072
45.3017660647648	0.51705191347459
45.3331819913007	0.513225589146164
45.3645979178366	0.509877119206425
45.3960138443725	0.507012511709702
45.4274297709084	0.504632760479526
45.4588456974443	0.502741854187204
45.4902616239802	0.501340738572055
45.5216775505161	0.500431665123163
45.553093477052	0.500015257791807
45.5845094035879	0.500092261785705
45.6159253301238	0.500662765283004
45.6473412566597	0.501726186917291
45.6787571831956	0.503281921393619
45.7101731097315	0.505328195366433
45.7415890362674	0.507863601037823
45.7730049628033	0.510885271249944
45.8044208893392	0.514390926358984
45.8358368158751	0.518376676165565
45.867252742411	0.522839330912212
45.8986686689469	0.527774028837368
45.9300845954828	0.533176655523401
45.9615005220187	0.539041416454042
45.9929164485546	0.545363275939363
46.0243323750905	0.552135537871818
46.0557483016264	0.559352262369581
46.0871642281623	0.567005878819183
46.1185801546982	0.575089571055539
46.1499960812341	0.583594919286144
46.18141200777	0.592514268125725
46.2128279343059	0.601838373448517
46.2442438608418	0.611558786262954
46.2756597873777	0.621665462838296
46.3070757139135	0.6320617839264
46.3384916404495	0.642895337387733
46.3699075669853	0.654006056462879
46.4013234935212	0.665534427551938
46.4327394200571	0.677317307536791
46.464155346593	0.689493985126787
46.4955712731289	0.701903892741602
46.5269871996648	0.714680019045795
46.5584031262007	0.727669023895702
46.5898190527366	0.740993650034176
46.6212349792725	0.754511191444769
46.6526509058084	0.768331486701235
46.6840668323443	0.782324595322539
46.7154827588802	0.7965860250625
46.7468986854161	0.810999582211527
46.778314611952	0.825646070554717
46.8097305384879	0.840423088904488
46.8411464650238	0.855397179814715
46.8725623915597	0.870479092295513
46.9039783180956	0.885722118702578
46.9353942446315	0.901049066608225
46.9668101711674	0.916501332960025
46.9982260977033	0.932012448087766
47.0296420242392	0.947613428190138
47.0610579507751	0.963247106809343
47.092473877311	0.978935656279462
47.1238898038469	0.994629824675607
47.1553057303828	1.01034440580089
47.1867216569187	1.0260367781921
47.2181375834546	1.04171569426177
47.2495535099905	1.05734402425954
47.2809694365264	1.07292566027704
47.3123853630623	1.0884279870006
47.3438012895982	1.10385105386405
47.3752172161341	1.11916594352068
47.40663314267	1.13436972310076
47.4380490692059	1.14943650645785
47.4694649957418	1.16436109538648
47.5008809222777	1.17912010117741
47.5322968488136	1.1937066515183
47.5637127753495	1.20809943549011
47.5951287018854	1.22229039075781
47.6265446284213	1.23625995980349
47.6579605549572	1.24999928502179
47.6893764814931	1.26349031563989
47.720792408029	1.27672372028488
47.7522083345649	1.28968277046409
47.7836242611007	1.3023579232287
47.8150401876367	1.31473363674466
47.8464561141725	1.32680037109625
47.8778720407084	1.33854367311204
47.9092879672443	1.34995418259227
47.9407038937802	1.3610184653455
47.9721198203161	1.37172748747295
48.003535746852	1.38206878467439
48.0349516733879	1.39203377212713
48.0663675999238	1.4016109204333
48.0977835264597	1.41079219785031
48.1291994529956	1.41956698330322
48.1606153795315	1.42792788742637
48.1920313060674	1.4358651738841
48.2234472326033	1.44337217360117
48.2548631591392	1.45044000849819
48.2862790856751	1.4570375281607
48.317695012211	1.46317032476801
48.3491109387469	1.46886220428471
48.3805268652828	1.47407744751902
48.4119427918187	1.47884050623531
48.4433587183546	1.48311753789297
48.4747746448905	1.48693223552988
48.5061905714264	1.49025415725308
48.5376064979623	1.49310467066423
48.5690224244982	1.49545840432687
48.6004383510341	1.49733268656019
48.63185427757	1.49870902468284
48.6632702041059	1.49959884440912
48.6946861306418	1.49999249168653
48.7261020571777	1.49989345114095
48.7575179837136	1.49930305839199
48.7889339102495	1.49821458780251
48.8203498367854	1.49664278016411
48.8517657633213	1.49456810608451
48.8831816898572	1.49202150822506
48.9145976163931	1.48896759206878
48.946013542929	1.48545685482341
48.9774294694649	1.48143429591289
49.0088453960008	1.47697413142907
49.0402613225367	1.47199702552456
49.0716772490726	1.46660626242654
49.1030931756085	1.46069200107328
49.1345091021444	1.45439367852403
49.1659250286803	1.447562665006
49.1973409552162	1.44038419710923
49.2287568817521	1.43272702997291
49.260172808288	1.42470447981868
49.2915887348239	1.41619487836218
49.3230046613598	1.4073505193701
49.3544205878956	1.39802240666997
49.3858365144316	1.38838946310282
49.4172524409674	1.3782806988027
49.4486683675033	1.36789511863562
49.4800842940392	1.35704705624199
49.5115002205751	1.34594763254607
49.542916147111	1.3344046588226
49.5743320736469	1.32263312578043
49.6057480001828	1.31044223878965
49.6371639267187	1.29804329527134
49.6685798532546	1.28525375213634
49.6999957797905	1.27227499368738
49.7314117063264	1.25893803443618
49.7628276328623	1.24542979715813
49.7942435593982	1.23159843336009
49.8256594859341	1.21761356702817
49.85707541247	1.20334241500093
49.8884913390059	1.18893600810723
49.9199072655418	1.17428114492327
49.9513231920777	1.15951022341914
49.9827391186136	1.14452904716824
50.0141550451495	1.12945226427085
50.0455709716854	1.11420334543989
50.0769868982213	1.09888067430705
50.1084028247572	1.08342359077273
50.1398187512931	1.0679160266883
50.171234677829	1.05231117954948
50.2026506043649	1.03668045427132
50.2340665309008	1.02098886512823
50.2654824574367	1.0052971734255
50.2968983839726	0.989580265758169
50.3283143105085	0.973890002749206
50.3597302370444	0.95820937101015
50.3911461635803	0.942582878405529
50.4225620901162	0.927000048648149
50.4539780166521	0.91149936808326
50.485393943188	0.896075553702452
50.5168098697239	0.880762185739812
50.5482257962598	0.865558041439767
50.5796417227957	0.85049270933783
50.6110576493316	0.835568085924683
50.6424735758675	0.820810503783501
50.6738895024034	0.806224205900411
50.7053054289393	0.79183285124128
50.7367213554752	0.777642399766244
50.7681372820111	0.763674290957505
50.799553208547	0.749935691482302
50.8309691350829	0.736446170689286
50.8623850616188	0.723213689288461
50.8938009881547	0.710256211816498
50.9252169146905	0.697582159186701
50.9566328412265	0.685208090225665
50.9880487677623	0.673142615218287
51.0194646942982	0.661401035110436
51.0508806208341	0.649991928689817
51.08229654737	0.638929447961006
51.1137124739059	0.628221958702782
51.1451284004418	0.617882544259348
51.1765443269777	0.607919206684272
51.2079602535136	0.598384099761616
51.2393761800495	0.5892490533959
51.2707921065854	0.580510149989013
51.3022080331213	0.572188423206496
51.3336239596572	0.564280893029006
51.3650398861931	0.556805879916275
51.396455812729	0.549761539477316
51.4278717392649	0.543163334088972
51.4592876658008	0.537010540750834
51.4907035923367	0.531315811796882
51.5221195188726	0.52607937271472
51.5535354454085	0.521311247295141
51.5849513719444	0.517012340156427
51.6163672984803	0.513190301090064
51.6477832250162	0.509846404798874
51.6791991515521	0.506986204286586
51.710615078088	0.504611039127451
51.7420310046239	0.502724629920456
51.7734469311598	0.501328107809757
51.8048628576957	0.500423591990715
51.8362787842316	0.500011778015845
51.8676947107675	0.500093372957218
51.8991106373034	0.500668459563965
51.9305265638393	0.501736480478015
51.9619424903752	0.503296775538459
51.9933584169111	0.505347634111016
52.024774343447	0.507887563837114
52.0561902699829	0.510913782603925
52.0876061965188	0.514423909977464
52.1190221230547	0.518414152268838
52.1504380495906	0.522881211400926
52.1818539761265	0.527820326806136
52.2132699026624	0.533227273445453
52.2446858291983	0.539096358826244
52.2761017557342	0.545422437109562
52.3075176822701	0.552198913234699
52.338933608806	0.559419738712251
52.3703495353419	0.567077442615385
52.4017654618777	0.57516510158611
52.4331813884137	0.583674394795137
52.4645973149495	0.592597560061705
52.4960132414854	0.60192545294305
52.5274291680213	0.611649516269285
52.5588450945572	0.621759808920693
52.5902610210931	0.632158647206497
52.621676947629	0.642996537991051
52.6530928741649	0.654109553014542
52.6845088007008	0.665642068482323
52.7159247272367	0.677427047690514
52.7473406537726	0.689607628852603
52.7787565803085	0.702019458606465
52.8101725068444	0.714799207656676
52.8415884333803	0.727789970310506
52.8730043599162	0.741117907499594
52.9044202864521	0.754637047717266
52.935836212988	0.768460320587309
52.9672521395239	0.782454867555478
52.9986680660598	0.796718927916411
53.0300839925957	0.811133755993543
53.0614999191316	0.825782521156853
53.0929158456675	0.840560632172027
53.1243317722034	0.855536644455088
53.1557476987393	0.870619458222702
53.1871636252752	0.885864052583297
53.2185795518111	0.901191696435088
53.249995478347	0.91664518177431
53.2814114048829	0.932156773842761
53.3128273314188	0.947758629888509
53.3442432579547	0.963392553914411
53.3756591844906	0.979081643007272
53.4070751110265	0.994775814441757
53.4384910375624	1.01049060597658
53.4699069640983	1.02618273022244
53.5013228906342	1.04186153475995
53.5327388171701	1.05748935877868
53.564154743706	1.07307056868054
53.5955706702419	1.08857212712676
53.6269865967778	1.10399446075279
53.6584025233137	1.11930831749231
53.6898184498496	1.13451106435
53.7212343763855	1.14957654982137
53.7526503029214	1.16449981445202
53.7840662294573	1.17925725893804
53.8154821559932	1.19384220169041
53.8468980825291	1.20823316422382
53.878314009065	1.22242223736904
53.9097299356009	1.23638972972511
53.9411458621368	1.25012690759639
53.9725617886726	1.26361561262023
54.0039777152085	1.27684661461911
54.0353936417444	1.2898030979873
54.0668095682803	1.30247560339237
54.0982254948162	1.31484851779599
54.1296414213521	1.32691237134596
54.161057347888	1.33865265198522
54.1924732744239	1.35006005918679
54.2238892009598	1.36112110935753
54.2553051274957	1.3718268203799
54.2867210540316	1.38216468577434
54.3181369805675	1.39212616660831
54.3495529071034	1.4016996966884
54.3809688336393	1.41087728590938
54.4123847601752	1.41964828024081
54.4438006867111	1.42800532909583
54.475216613247	1.43593866565811
54.5066325397829	1.44344165803322
54.5380484663188	1.45050539883027
54.5694643928547	1.45709816722839
54.6008803193906	1.46322740518004
54.6322962459265	1.46891440572242
54.6637121724624	1.47412597665692
54.6951280989983	1.47888407343824
54.7265440255342	1.48315730642664
54.7579599520701	1.48696700790614
54.789375878606	1.49028498886499
54.8207918051419	1.49313052408529
54.8522077316778	1.49548015643906
54.8836236582137	1.49734953384387
54.9150395847496	1.49872158885432
54.9464555112855	1.49960663589279
54.9778714378214	1.49999579361507
55.0092873643573	1.4998921754062
55.0407032908932	1.49929705744789
55.0721192174291	1.49820427262635
55.103535143965	1.49662746836308
55.1349510705009	1.49454881972316
55.1663669970368	1.49199690850591
55.1977829235727	1.48893944503571
55.2291988501086	1.48542301842362
55.2606147766445	1.48139744350651
55.2920307031804	1.47693113402906
55.3234466297163	1.47195167151671
55.3548625562522	1.46655419852926
55.3862784827881	1.4606384032285
55.4176944093239	1.45433265319237
55.4491103358598	1.44750114353902
55.4805262623957	1.4403143135916
55.5119421889316	1.4326587162195
55.5433581154675	1.42462584965838
55.5747740420034	1.41611944030605
55.6061899685393	1.40726351429278
55.6376058950752	1.39794003524796
55.6690218216111	1.3882945549834
55.700437748147	1.37819155918228
55.7318536746829	1.36779285213645
55.7632696012188	1.35695131448607
55.7946855277547	1.34583859453037
55.8261014542906	1.33430250817106
55.8575173808265	1.32251791792592
55.8889333073624	1.31033392035322
55.9203492338983	1.29792251377985
55.9517651604342	1.28513956749182
55.9831810869701	1.27214921733996
56.014597013506	1.25881834997915
56.0460129400419	1.24529958294544
56.0774288665778	1.23147367784073
56.1088447931137	1.21747945145262
56.1402607196496	1.20321307237794
56.1716766461855	1.18879851192172
56.2030925727214	1.17414774470185
56.2345084992573	1.15936985778781
56.2659244257932	1.14439215400943
56.2973403523291	1.1293095368375
56.328756278865	1.11406354928393
56.3601722054009	1.09873609422101
56.3915881319368	1.08328149818401
56.4230040584727	1.06777010813278
56.4544199850086	1.05216740655786
56.4858359115445	1.03653371840619
56.5172518380804	1.02084403154434
56.5486677646163	1.00515014888721
56.5800836911522	0.98943499076932
56.6114996176881	0.973743224967688
56.642915544224	0.958064269791061
56.6743314707599	0.942436888031621
56.7057473972958	0.926855729715549
56.7371633238317	0.911354708803541
56.7685792503676	0.895932616774367
56.7999951769035	0.880619401712551
56.8314111034394	0.865417075609578
56.8628270299753	0.850352342432076
56.8942429565111	0.835429668011127
56.9256588830471	0.820673090754345
56.9570748095829	0.806088898880851
56.9884907361188	0.791698920932187
57.0199066626547	0.77751075123775
57.0513225891906	0.76354436158832
57.0827385157265	0.749808232123126
57.1141544422624	0.736320747264927
57.1455703687983	0.723090931312268
57.1769862953342	0.710135783675499
57.2084022218701	0.6974645947949
57.239818148406	0.685093128737893
57.2712340749419	0.673030715064055
57.3026500014778	0.661291991527904
57.3340659280137	0.649886140372357
57.3654818545496	0.63882675142357
57.3968977810855	0.628122705313718
57.4283137076214	0.61778659995713
57.4597296341573	0.607826885431018
57.4911455606932	0.598296089498579
57.5225614872291	0.589164014920842
57.553977413765	0.580429514295541
57.5853933403009	0.572111018356589
57.6168092668368	0.564207949246226
57.6482251933727	0.556736423038921
57.6796411199086	0.549696580304452
57.7110570464445	0.543102102850393
57.7424729729804	0.5369538318407
57.7738888995163	0.531263047690876
57.8053048260522	0.526031150026847
57.8367207525881	0.521267156372363
57.868136679124	0.516972807494922
57.8995526056599	0.513155054579709
57.9309685321958	0.509815731793291
57.9623844587317	0.506959938951654
57.9938003852676	0.504589359752735
58.0252163118035	0.502707448127296
58.0566322383394	0.501315519425047
58.0880481648753	0.500415561560226
58.1194640914112	0.50000834084026
58.1508800179471	0.500094526900806
58.182295944483	0.500674196490475
58.2137118710189	0.501746816721061
58.2451277975548	0.503311672197633
58.2765437240907	0.505367115286916
58.3079596506266	0.507911568845254
58.3393755771625	0.510942335976222
58.3707915036984	0.514456935327767
58.4022074302343	0.518451669815542
58.4336233567702	0.522923132976063
58.465039283306	0.527866665482653
58.4964552098419	0.533277931643729
58.5278711363778	0.539151341011769
58.5592870629137	0.545481637584992
58.5907029894496	0.552262327360764
58.6221189159855	0.559487253232797
58.6535348425214	0.567149043972858
58.6849507690573	0.575240669015791
58.7163666955932	0.583753906516574
58.7477826221291	0.592680887472073
58.779198548665	0.602012567160045
58.8106144752009	0.611740280185332
58.8420304017368	0.621854188101158
58.8734463282727	0.632255542184772
58.9048622548086	0.643097769741369
58.9362781813445	0.654213079619254
58.9676941078804	0.665749738496636
58.9991100344163	0.67753681611095
59.0305259609522	0.689721299511183
59.0619418874881	0.702135050805892
59.093357814024	0.714918420977662
59.1247737405599	0.727910940985015
59.1561896670958	0.741242187391177
59.1876055936317	0.754762926041387
59.2190215201676	0.768589174559941
59.2504374467035	0.78258515951262
59.2818533732394	0.796851848464606
59.3132692997753	0.81126794706929
59.3446852263112	0.825918987010468
59.3761011528471	0.840698190216925
59.407517079383	0.855676121856123
59.4389330059189	0.870759836341762
59.4703489324548	0.886005996689577
59.5017648589907	0.901334335815087
59.5331807855266	0.916789038239971
59.5645967120625	0.932301106473557
59.5960126385984	0.947903836631786
59.6274285651343	0.963538005192804
59.6588444916702	0.979227632149292
59.6902604182061	0.994921805666004
59.721676344742	1.0106368059208
59.7530922712779	1.02632868099443
59.7845081978138	1.042007372376
59.8159241243497	1.05763468933272
59.8473400508856	1.07321547155678
59.8787559774215	1.08871626060124
59.9101719039574	1.10413785948547
59.9415878304932	1.11945068215595
59.9730037570292	1.13465239484159
60.004419683565	1.14971658126074
60.0358356101009	1.16463852019641
60.0672515366368	1.17939440220813
60.0986674631727	1.1939777360266
60.1300833897086	1.20836687595988
60.1614993162445	1.22255406568873
60.1929152427804	1.23651948021053
60.2243311693163	1.25025450949307
60.2557470958522	1.26374088780344
60.2871630223881	1.27696948596801
60.318578948924	1.28992340143886
60.3499948754599	1.30259325835155
60.3814108019958	1.31496337259608
60.4128267285317	1.32702434426912
60.4442426550676	1.33876160253054
60.4756585816035	1.35016590643815
60.5070745081394	1.36122372307577
60.5384904346753	1.37192612204029
60.5699063612112	1.38226055473239
60.6013222877471	1.39221852805995
60.632738214283	1.4017884390779
60.6641541408189	1.41096233928281
60.6955700673548	1.41972954171931
60.7269859938907	1.42808273455614
60.7584019204266	1.43601212051469
60.7898178469625	1.44351110486978
60.8212337734984	1.45057075092542
60.8526497000343	1.4571587679455
60.8840656265702	1.46328444607953
60.9154815531061	1.46896656786454
60.946897479642	1.47417446515829
60.9783134061779	1.47892760055966
61.0097293327138	1.48319703336042
61.0411452592497	1.48700173957316
61.0725611857856	1.49031577808153
61.1039771123215	1.49315633632755
61.1353930388574	1.49550186553337
61.1668089653933	1.49736633963859
61.1982248919292	1.49873410956081
61.2296408184651	1.49961438573961
61.261056745001	1.49999905180652
61.2924726715369	1.4998908580537
61.3238885980728	1.49929101266614
61.3553045246087	1.4981939160257
61.3867204511446	1.4966121127883
61.4181363776805	1.49452949231512
61.4495523042164	1.49197226523007
61.4809682307523	1.48891125753309
61.5123841572881	1.48538913882075
61.5438000838241	1.4813605514287
61.5752160103599	1.47688809389214
61.6066319368958	1.4719062788889
61.6380478634317	1.46650209243914
61.6694637899676	1.46058476811826
61.7008797165035	1.45427158623921
61.7322956430394	1.44743958654277
61.7637115695753	1.4402443889754
61.7951274961112	1.43259036864638
61.8265434226471	1.42454718128431
61.857959349183	1.41604396821243
61.8893752757189	1.40717647465848
61.9207912022548	1.39785762920241
61.9522071287907	1.38819961639203
61.9836230553266	1.37810238426617
62.0150389818625	1.36769055931613
62.0464549083984	1.35685553696602
62.0778708349343	1.34572953410983
62.1092867614702	1.33420032173003
62.1407026880061	1.32240269115474
62.172118614542	1.31022556669957
62.2035345410779	1.2978017163518
62.2349504676138	1.28502534886098
62.2663663941497	1.27202342754298
62.2977823206856	1.25869863340403
62.3291982472215	1.24516935735608
62.3606141737574	1.23134889262831
62.3920301002933	1.21734532627039
62.4234460268292	1.20308370293008
62.4548619533651	1.18866100771412
62.486277879901	1.1740143208436
62.5176938064369	1.15922948563978
62.5491097329728	1.14425524060566
62.5805256595087	1.12916680439887
62.6119415860446	1.1139237363803
62.6433575125805	1.09859151070816
62.6747734391164	1.0831393923734
62.7061893656523	1.06762418783372
62.7376052921882	1.05202362384304
62.7690212187241	1.03638698260342
62.80043714526	1.02069919167177
62.8318530717959	0.998539610278834
