0	1
0.0314159265358979	0.987085881821508
0.0628318530717959	0.970422757035007
0.0942477796076938	0.958591428073736
0.125663706143592	0.944511119632127
0.15707963267949	0.927593863105053
0.188495559215388	0.913358644173702
0.219911485751286	0.896882210317295
0.251327412287183	0.882608383798776
0.282743338823081	0.866580218064826
0.314159265358979	0.852374370573226
0.345575191894877	0.836809852109525
0.376991118430775	0.82276936369437
0.408407044966673	0.807690640619512
0.439822971502571	0.793904461647096
0.471238898038469	0.779339141411889
0.502654824574367	0.765888648127431
0.534070751110265	0.75186848980243
0.565486677646163	0.738828308355993
0.596902604182061	0.725387998231607
0.628318530717959	0.712826740002443
0.659734457253857	0.700002788988933
0.691150383789754	0.687983674486493
0.722566310325652	0.675813448859176
0.75398223686155	0.664394818907342
0.785398163397448	0.652915699765902
0.816814089933346	0.642151425517034
0.848230016469244	0.631400082967368
0.879645943005142	0.62133989400385
0.91106186954104	0.61135165648367
0.942477796076938	0.602109754057116
0.973893722612836	0.592934593146098
1.00530964914873	0.58446957357046
1.03672557568463	0.576128892383893
1.06814150222053	0.568470803597348
1.09955742875643	0.560999892690787
1.13097335529233	0.554178320720825
1.16238928182822	0.547606606603649
1.19380520836412	0.541650052892291
1.22522113490002	0.536001623262005
1.25663706143592	0.530936687695375
1.28805298797182	0.526230929079517
1.31946891450771	0.522081495487038
1.35088484104361	0.518333679194219
1.38230076757951	0.515120232675766
1.41371669411541	0.512341957848615
1.4451326206513	0.510081091360358
1.4765485471872	0.508280559465687
1.5079644737231	0.506984671223023
1.539380400259	0.506166810792358
1.5707963267949	0.505843961248815
1.60221225333079	0.506010443379449
1.63362817986669	0.506664328393215
1.66504410640259	0.507813517595231
1.69646003293849	0.509443516237395
1.72787595947439	0.511570394889817
1.75929188601028	0.514171659216096
1.79070781254618	0.517267753447228
1.82212373908208	0.520831318208406
1.85353966561798	0.524884642582377
1.88495559215388	0.529397542250411
1.91637151868977	0.534392572281709
1.94778744522567	0.539837959695429
1.97920337176157	0.5457556354942
2.01061929829747	0.552112900805507
2.04203522483337	0.558930661824666
2.07345115136926	0.566175552723468
2.10486707790516	0.573867402075191
2.13628300444106	0.581972147091499
2.16769893097696	0.590508743680239
2.19911485751286	0.599442180210069
2.23053078404875	0.608790957627827
2.26194671058465	0.618518665503807
2.29336263712055	0.628643978161106
2.32477856365645	0.63904018599694
2.35619449019234	0.649888841089245
2.38761041672824	0.66099322574322
2.41902634326414	0.672531921250834
2.45044226980004	0.684303133423262
2.48185819633594	0.696485624704143
2.51327412287183	0.708879487457388
2.54469004940773	0.721657281621121
2.57610597594363	0.734626859391456
2.60752190247953	0.747949492585865
2.63893782901543	0.761445237581855
2.67035375555132	0.775260495007993
2.70176968208722	0.789230457901804
2.73318560862312	0.803484552420112
2.76460153515902	0.817874638585425
2.79601746169492	0.832512366098806
2.82743338823081	0.847266618527793
2.85884931476671	0.862231506312617
2.89026524130261	0.877292399525739
2.92168116783851	0.892526859481507
2.95309709437441	0.90783559323435
2.9845130209103	0.923281087334701
3.0159289474462	0.938777873332372
3.0473448739821	0.954375094439052
3.078760800518	0.969999432835353
3.1101767270539	0.985688500957338
3.14159265358979	1.00137944589011
3.17300858012569	1.01710011799796
3.20442450666159	1.03279653285893
3.23584043319749	1.04848842333561
3.26725635973338	1.06412922711197
3.29867228626928	1.0797320355831
3.33008821280518	1.09525644169619
3.36150413934108	1.11071018508364
3.39292006587698	1.12605793391768
3.42433599241287	1.14130317989427
3.45575191894877	1.15641476582921
3.48716784548467	1.1713928652727
3.51858377202057	1.18620975862652
3.54999969855647	1.20086307508621
3.58141562509236	1.21532793899856
3.61283155162826	1.22960007354904
3.64424747816416	1.24365697553086
3.67566340470006	1.25749298567456
3.70707933123596	1.27108760331143
3.73849525777185	1.28443421480305
3.76991118430775	1.29751403492586
3.80132711084365	1.3103198455324
3.83274303737955	1.32283435604039
3.86415896391545	1.33505003032824
3.89557489045134	1.34695090374583
3.92699081698724	1.35852935800456
3.95840674352314	1.36977062575014
3.98982267005904	1.38066720211776
4.02123859659494	1.3912054183266
4.05265452313083	1.40137804705618
4.08407044966673	1.41117244058489
4.11548637620263	1.42058178914584
4.14690230273853	1.42959440201156
4.17831822927443	1.4382040092653
4.20973415581032	1.44639981909151
4.24115008234622	1.4541762119388
4.27256600888212	1.46152323468731
4.30398193541802	1.46843602295811
4.33539786195391	1.47484745339932
4.36681378848981	1.48086898439088
4.39822971502571	1.48638200774064
4.42964564156161	1.49149445732862
4.46106156809751	1.49608872838071
4.4924774946334	1.50027087092579
4.5238934211693	1.50392979754675
4.5553093477052	1.50716377648581
4.5867252742411	1.50987457411925
4.618141200777	1.51214596147089
4.64955712731289	1.51389970830907
4.68097305384879	1.51519753440849
4.71238898038469	1.51598923369304
4.74380490692059	1.51630597972552
4.77522083345649	1.51613463653364
4.80663675999238	1.51546618126241
4.83805268652828	1.51433490304735
4.86946861306418	1.51268041261978
4.90088453960008	1.51059654635779
4.93230046613597	1.50795829145134
4.96371639267187	1.50493361646742
4.99513231920777	1.50131669310152
5.02654824574367	1.49736769906381
5.05796417227957	1.49277961614598
5.08938009881547	1.48792791300747
5.12079602535136	1.48237798760217
5.15221195188726	1.47665092317315
5.18362787842316	1.47014938729732
5.21504380495906	1.46358099731944
5.24645973149496	1.45613765620324
5.27787565803085	1.44882095407765
5.30929158456675	1.44046842105033
5.34070751110265	1.43239915615821
5.37212343763855	1.42314689433352
5.40353936417444	1.41434975795021
5.43495529071034	1.40424218761323
5.46637121724624	1.39473776359126
5.49778714378214	1.38382864632682
5.52920307031804	1.37363561927856
5.56061899685393	1.36198523773886
5.59203492338983	1.35112305184316
5.62345084992573	1.3387952485899
5.65486677646163	1.32728659149769
5.68628270299753	1.3143462016857
5.71769862953342	1.30221888900255
5.74911455606932	1.28872987659782
5.78053048260522	1.27601794863636
5.81194640914112	1.26204233118702
5.84336233567702	1.24878637436292
5.87477826221291	1.23438385173359
5.90619418874881	1.22063068771257
5.93761011528471	1.20585879527412
5.96902604182061	1.19166073839241
6.0004419683565	1.17657531815783
6.0318578948924	1.16198920143001
6.0632738214283	1.14664500512828
6.0946897479642	1.13173113991812
6.1261056745001	1.11618242309835
6.15752160103599	1.10100360811373
6.18893752757189	1.0853046254967
6.22035345410779	1.06992527208828
6.25176938064369	1.05413062975476
6.28318530717959	1.03861603081997
6.31460123371548	1.0227808850003
6.34601716025138	1.00719662701438
6.37743308678728	0.991376741323724
6.40884901332318	0.975788242562006
6.44026493985908	0.96003992720028
6.47168086639497	0.944512077778748
6.50309679293087	0.928892038200418
6.53451271946677	0.913488916364697
6.56592864600267	0.898054037975495
6.59734457253857	0.882838679585687
6.62876049907446	0.867645771417277
6.66017642561036	0.852679973854701
6.69159235214626	0.837785489546146
6.72300827868216	0.823129635983514
6.75442420521806	0.808589385797211
6.78584013175395	0.794302280145659
6.81725605828985	0.780171143723855
6.84867198482575	0.766309850224638
6.88008791136165	0.75264149657386
6.91150383789754	0.739261180835606
6.94291976443344	0.726107799626497
6.97433569096934	0.713261569974743
7.00575161750524	0.700673616569982
7.03716754404114	0.688412366006067
7.06858347057703	0.676438321542644
7.09999939711293	0.664810571563487
7.13141532364883	0.653496718778274
7.16283125018473	0.64254846694938
7.19424717672063	0.631938682129774
7.22566310325652	0.621713255790599
7.25707902979242	0.611848817166985
7.28849495632832	0.602451514089815
7.31991088286422	0.593389485511646
7.35132680940012	0.584783813342045
7.38274273593601	0.576537973034193
7.41415866247191	0.568757445418878
7.44557458900781	0.561360932139442
7.47699051554371	0.554436317170564
7.5084064420796	0.54791851982023
7.5398223686155	0.541877635674637
7.5712382951514	0.536264193611423
7.6026542216873	0.53113167779179
7.6340701482232	0.526444510793376
7.6654860747591	0.522241598812348
7.69690200129499	0.518498938391291
7.72831792783089	0.515243275732723
7.75973385436679	0.5124596821721
7.79114978090269	0.510165180507401
7.82256570743859	0.508351541451362
7.85398163397448	0.507028280048064
7.88539756051038	0.50619179429245
7.91681348704628	0.505845961596435
7.94822941358218	0.505990115538634
7.97964534011807	0.506623983630964
8.01106126665397	0.507748528540055
8.04247719318987	0.509360453391152
8.07389311972577	0.511461390512332
8.10530904626167	0.514045832445164
8.13672497279756	0.517115411062978
8.16814089933346	0.520662971659833
8.19955682586936	0.524689703349234
8.23097275240526	0.529187176650585
8.26238867894116	0.534155867413989
8.29380460547705	0.539586304443662
8.32522053201295	0.545478105373619
8.35663645854885	0.551820891769446
8.38805238508475	0.558613368252798
8.41946831162065	0.565844315174174
8.45088423815654	0.573511534374382
8.48230016469244	0.581602983013293
8.51371609122834	0.590115619348702
8.54513201776424	0.599036559393952
8.57654794430014	0.608362017925234
8.60796387083603	0.618078220298775
8.63937979737193	0.628180778363775
8.67079572390783	0.638571233809453
8.70221165044373	0.649393330659139
8.73362757697963	0.660493328061745
8.76504350351552	0.672006209200203
8.79645943005142	0.683774042440651
8.82787535658732	0.69593191768477
8.85929128312322	0.708323099450687
8.89070720965911	0.721077860304332
8.92212313619501	0.734045217311562
8.95353906273091	0.747346695897904
8.98495498926681	0.760840525569658
9.0163709158027	0.774636710939783
9.0477868423386	0.788604989540995
9.0792027688745	0.802842213385355
9.1106186954104	0.817230841099806
9.1420346219463	0.831853946734243
9.1734505484822	0.846607014972857
9.20486647501809	0.861559521950082
9.23628240155399	0.876619590570295
9.26769832808989	0.891843864037639
9.29911425462579	0.907152239589105
9.33053018116168	0.92258966988927
9.36194610769758	0.938086679394186
9.39336203423348	0.953677874208909
9.42477796076938	0.969303131742844
9.45619388730528	0.98498812068313
9.48760981384117	1.00068078594183
9.51902574037707	1.01639923594812
9.55044166691297	1.03209826511323
9.58185759344887	1.04778970422031
9.61327351998477	1.06343409393917
9.64468944652067	1.07903814068978
9.67610537305656	1.09456716605957
9.70752129959246	1.11002376192296
9.73893722612836	1.12537720919486
9.77035315266426	1.14062685160234
9.80176907920015	1.15574524603261
9.83318500573605	1.17072921996674
9.86460093227195	1.1855540489285
9.89601685880785	1.2002146553253
9.92743278534375	1.21468858650843
9.95884871187964	1.22896936601326
9.99026463841554	1.24303646030406
10.0216805649514	1.25688241114614
10.0530964914873	1.27048832959633
10.0845124180232	1.28384611851175
10.1159283445591	1.29693832267123
10.147344271095	1.30975648791297
10.1787601976309	1.32228443269908
10.2101761241668	1.33451357822942
10.2415920507027	1.34642889641905
10.2730079772386	1.35802187638547
10.3044239037745	1.36927855372407
10.3358398303104	1.3801906462683
10.3672557568463	1.39074518606126
10.3986716833822	1.4009342553834
10.4300876099181	1.41074583122715
10.461503536454	1.42017247657954
10.4929194629899	1.42920307152493
10.5243353895258	1.43783076135739
10.5557513160617	1.44604529113312
10.5871672425976	1.45384047977044
10.6185831691335	1.46120689643561
10.6499990956694	1.46813911904513
10.6814150222053	1.47457332022905
10.7128309487412	1.48061181148867
10.7442468752771	1.48614816391559
10.775662801813	1.49127807972189
10.8070787283489	1.49589601907425
10.8384946548848	1.50009620716075
10.8699105814207	1.50377889812992
10.9013265079566	1.50703159591025
10.9327424344925	1.50976598770265
10.9641583610284	1.51205688203812
10.9955742875643	1.51383376297291
11.0269902141002	1.5151520221234
11.0584061406361	1.51596607903565
11.089822067172	1.51630435014495
11.1212379937079	1.51615423909945
11.1526539202438	1.51550860354856
11.1840698467797	1.5143970400555
11.2154857733156	1.51276691681825
11.2469016998515	1.51070079689993
11.2783176263874	1.50808877997144
11.3097335529233	1.5050793489118
11.3411494794592	1.50149095789276
11.3725654059951	1.49755405268108
11.4039813325309	1.49299736392076
11.4353972590668	1.48815377062544
11.4668131856027	1.48263887687815
11.4982291121386	1.47691486961632
11.5296450386745	1.47045308343436
11.5610609652104	1.46388125482046
11.5924768917463	1.45648391474753
11.6238928182822	1.44915191565655
11.6553087448181	1.44085684756513
11.686724671354	1.43276226078126
11.7181405978899	1.4235757365432
11.7495565244258	1.41474414072671
11.7809724509617	1.40470913535624
11.8123883774976	1.39516279860961
11.8438043040335	1.38433096590093
11.8752202305694	1.37409077319618
11.9066361571053	1.36251993330768
11.9380520836412	1.3516077248745
11.9694680101771	1.3393592172568
12.000883936713	1.32779997947827
12.0322998632489	1.31493635880586
12.0637157897848	1.30275988709431
12.0951317163207	1.28934323985172
12.1265476428566	1.27658510324528
12.1579635693925	1.26267606259215
12.1893794959284	1.24937787882869
12.2207954224643	1.23503526425835
12.2522113490002	1.22124441097274
12.2836272755361	1.20652533450707
12.315043202072	1.19229427390029
12.3464591286079	1.17725453007252
12.3778750551438	1.1626399248237
12.4092909816797	1.14733449941242
12.4407069082156	1.13239626676281
12.4721228347515	1.11687983891217
12.5035387612874	1.10168024622711
12.5349546878233	1.08600760378301
12.5663706143592	1.07061046574734
12.5977865408951	1.05483679389343
12.629202467431	1.03930679620877
12.6606183939669	1.02348782991262
12.6920343205028	1.00788997957488
12.7234502470387	0.992082030096609
12.7548661735746	0.976481217580012
12.7862821001105	0.96074109380173
12.8176980266464	0.945201745749805
12.8491139531823	0.929586594741453
12.8805298797182	0.914172394612704
12.911945806254	0.898739485090749
12.9433617327899	0.883513141384456
12.9747776593258	0.868319610569238
13.0061935858617	0.853342656025959
13.0376095123976	0.838445236324808
13.0690254389335	0.823777845672723
13.1004413654694	0.809232583538791
13.1318572920053	0.794933401240539
13.1632732185412	0.780795376984696
13.1946891450771	0.766921349692279
13.226105071613	0.753244404161085
13.2575209981489	0.739850615112796
13.2889369246848	0.726687087007266
13.3203528512207	0.713826591446188
13.3517687777566	0.701227067563141
13.3831847042925	0.688950729538155
13.4146006308284	0.676963809248311
13.4460165573643	0.665320141017567
13.4774324839002	0.653992215730501
13.5088484104361	0.643027221569555
13.540264336972	0.632402269671291
13.5716802635079	0.622159296338067
13.6030961900438	0.612278694048344
13.6345121165797	0.602859356900357
13.6659280431156	0.593784044213301
13.6973439696515	0.585156090765905
13.7287598961874	0.576895591910285
13.7601758227233	0.569092715960777
13.7915917492592	0.561680172727937
13.8230076757951	0.554733247398317
13.854423602331	0.548198125568442
13.8858395288669	0.542135013942022
13.9172554554028	0.536503084770501
13.9486713819387	0.531348429314552
13.9800873084746	0.526641778328083
14.0115032350105	0.522416799550241
14.0429191615464	0.518653838845612
14.0743350880823	0.515376163582141
14.1057510146182	0.512571634399893
14.1371669411541	0.510255163289709
14.16858286769	0.50842012528877
14.1999987942259	0.507074940467245
14.2314147207618	0.506216750740639
14.2628306472977	0.505849059695174
14.2942465738336	0.505971347821774
14.3256625003695	0.506583457363833
14.3570784269054	0.507686103413565
14.3884943534413	0.509276417860685
14.4199102799772	0.511355539319073
14.451326206513	0.513918578204608
14.4827421330489	0.516966530191176
14.5141580595848	0.520492962338729
14.5455739861207	0.524498353887919
14.5769899126566	0.528975046038728
14.6084058391925	0.533922773909064
14.6398217657284	0.539332853085572
14.6712376922643	0.545204153657431
14.7026536188002	0.551527083072192
14.7340695453361	0.558299602358039
14.765485471872	0.565511271007945
14.7969013984079	0.573159152557276
14.8283173249438	0.581231978777832
14.8597332514797	0.589725969243382
14.8911491780156	0.598629018527685
14.9225651045515	0.607936590834166
14.9539810310874	0.617635708217474
14.9853969576233	0.627721202656438
15.0168128841592	0.638099975787616
15.0482288106951	0.648901559491011
15.079644737231	0.659990984721711
15.1110606637669	0.671484228983172
15.1424765903028	0.683242479473188
15.1738925168387	0.695381823957652
15.2053084433746	0.707764310413731
15.2367243699105	0.720501842921543
15.2681402964464	0.733461319760302
15.2995562229823	0.746747027443695
15.3309721495182	0.760233753512286
15.3623880760541	0.774015737786528
15.39380400259	0.78797768303682
15.4252199291259	0.80220234851339
15.4566358556618	0.81658543397781
15.4880517821977	0.831197663413085
15.5194677087336	0.845946021572783
15.5508836352695	0.860889347537373
15.5822995618054	0.875945592208277
15.6137154883413	0.8911623733815
15.6451314148772	0.906467871216294
15.6765473414131	0.921899478048968
15.707963267949	0.937394616707252
15.7393791944849	0.952981628397066
15.7707951210208	0.968606078846322
15.8022110475567	0.984288491465376
15.8336269740926	0.999981463559156
15.8650429006285	1.01569890781536
15.8964588271644	1.0313993992883
15.9278747537003	1.04709136568532
15.9592906802361	1.06273840515093
15.990706606772	1.07834447406685
16.0221225333079	1.09387735867561
16.0535384598438	1.10933743293841
16.0849543863797	1.12469596120574
16.1163703129156	1.13995049896467
16.1477862394515	1.15507519902901
16.1792021659874	1.17006544500366
16.2106180925233	1.18489779830349
16.2420340190592	1.19956601177497
16.2734499455951	1.21404867188499
16.304865872131	1.22833835004028
16.3362817986669	1.24241535620173
16.3676977252028	1.25627145163996
16.3991136517387	1.26988843636168
16.4305295782746	1.28325756771592
16.4619455048105	1.29636195770436
16.4933614313464	1.30919261242774
16.5247773578823	1.32173382201399
16.5561932844182	1.33397655042702
16.5876092109541	1.34590616658031
16.61902513749	1.35751376627737
16.6504410640259	1.36878572420678
16.6818569905618	1.3797134138661
16.7132729170977	1.39028416208842
16.7446888436336	1.40048974360164
16.7761047701695	1.41031839714874
16.8075206967054	1.41976240474101
16.8389366232413	1.42881088482233
16.8703525497772	1.43745671938429
16.9017684763131	1.44568987716748
16.933184402849	1.45350392318698
16.9646003293849	1.46088964412548
16.9960162559208	1.46784136499971
17.0274321824567	1.47429825800579
17.0588481089926	1.48035376412732
17.0902640355285	1.48591337263424
17.1216799620644	1.49106080495856
17.1530958886003	1.49570234942438
17.1845118151362	1.49992062503771
17.2159277416721	1.50362703127562
17.247343668208	1.50689847711812
17.2787595947439	1.50965643283683
17.3101755212798	1.51196684567077
17.3415914478157	1.51376685459328
17.3730073743516	1.5151055350382
17.4044233008875	1.51594197358286
17.4358392274234	1.5163017283303
17.4672551539593	1.51617291053259
17.4986710804951	1.51555001598334
17.530087007031	1.51445827380712
17.5615029335669	1.51285239247266
17.5929188601028	1.51080418141235
17.6243347866387	1.50821821889278
17.6557507131746	1.50522426354505
17.6871666397105	1.50166414781549
17.7185825662464	1.49773965009486
17.7499984927823	1.4932140046627
17.7814144193182	1.48837895058859
17.8128303458541	1.48289861615201
17.84424627239	1.47717823925051
17.8756621989259	1.47075557000775
17.9070781254618	1.46418106691156
17.9384940519977	1.45682887884891
17.9699099785336	1.44948258901251
18.0013259050695	1.44124393533161
18.0327418316054	1.43312519057117
18.0641577581413	1.4240032220713
18.0955736846772	1.41513843885785
18.1269896112131	1.40517473687313
18.158405537749	1.39558781239452
18.1898214642849	1.38483197686743
18.2212373908208	1.37454594280378
18.2526533173567	1.36305338169448
18.2840692438926	1.35209242750702
18.3154851704285	1.33992201943458
18.3469010969644	1.32831339358275
18.3783170235003	1.31552544438131
18.4097329500362	1.30330089701992
18.4411488765721	1.28995563580149
18.472564803108	1.27715225100529
18.5039807296439	1.26330893574922
18.5353966561798	1.2499693588153
18.5668125827157	1.23568592868932
18.5982285092516	1.22185809720845
18.6296444357875	1.2071912340901
18.6610603623234	1.1929277674605
18.6924762888593	1.17793320717494
18.7238922153952	1.16329061017982
18.7553081419311	1.14802355902751
18.786724068467	1.13306136849616
18.8181399950029	1.11757691505669
18.8495559215388	1.10235688065
18.8809718480747	1.08671033226052
18.9123877746106	1.07129568469206
18.9438037011465	1.05554279323036
18.9752196276823	1.0399976222783
19.0066355542182	1.02419469060529
19.0380514807541	1.00858343344906
19.06946740729	0.992787311276637
19.1008833338259	0.977174338650219
19.1322992603618	0.961442325926373
19.1637151868977	0.945891607583292
19.1951311134336	0.930281286792513
19.2265470399695	0.914856116689213
19.2579629665054	0.899425134875171
19.2893788930413	0.884187898337057
19.3207948195772	0.868993716940287
19.3522107461131	0.854005685349592
19.383626672649	0.839105312404069
19.4150425991849	0.824426454597303
19.4464585257208	0.809876170266941
19.4778744522567	0.795564973232481
19.5092903787926	0.781420056538848
19.5407063053285	0.767533350861215
19.5721222318644	0.753847812940232
19.6035381584003	0.740440600659827
19.6349540849362	0.727266928006738
19.6663700114721	0.714392212190593
19.697785938008	0.701781122040444
19.7292018645439	0.689489738492312
19.7606177910798	0.67748994763444
19.7920337176157	0.66583039993619
19.8234496441516	0.654488407770256
19.8548655706875	0.643506707370285
19.8862814972234	0.632866593790172
19.9176974237593	0.622606107267594
19.9491133502952	0.612709345946761
19.9805292768311	0.603267991501423
20.011945203367	0.594179418025426
20.0433611299029	0.585529189455274
20.0747770564388	0.577254061244071
20.1061929829747	0.569428835613912
20.1376089095106	0.562000294252227
20.1690248360465	0.555031052723778
20.2004407625824	0.548478638001428
20.2318566891183	0.542393291018288
20.2632726156542	0.536742903909369
20.2946885421901	0.531566100604474
20.326104468726	0.526839990984694
20.3575203952619	0.522592937816915
20.3889363217978	0.518809697667062
20.4203522483337	0.51551000317014
20.4517681748696	0.512684554522757
20.4831841014055	0.510346108220262
20.5146000279413	0.508489682933795
20.5460159544772	0.50712256949607
20.5774318810131	0.506242683333878
20.608847807549	0.505853128849585
20.6402637340849	0.505953555013445
20.6716796606208	0.506543900574905
20.7030955871567	0.507624648368761
20.7345115136926	0.509193346239019
20.7659274402285	0.51125064977348
20.7973433667644	0.513792278368551
20.8287592933003	0.516818598920175
20.8601752198362	0.520323894056317
20.8915911463721	0.524307938380056
20.923007072908	0.528763839323076
20.9544229994439	0.533690595143478
20.9858389259798	0.539080304798652
21.0172548525157	0.544931093955859
21.0486707790516	0.551234153041485
21.0800867055875	0.557986702321056
21.1115026321234	0.565179077636152
21.1429185586593	0.572807607109374
21.1743344851952	0.580861794118837
21.2057504117311	0.589337122809043
21.237166338267	0.598222262805336
21.2685822648029	0.607511931650613
21.2999981913388	0.617193943773264
21.3314141178747	0.627262356196856
21.3628300444106	0.637629413662818
21.3942459709465	0.648410471631485
21.4256618974824	0.659489298304068
21.4570778240183	0.670962883656443
21.4884937505542	0.682711531481464
21.5199096770901	0.694832314788762
21.551325603626	0.707206091315884
21.5827415301619	0.719926358259749
21.6141574566978	0.732877944071324
21.6455733832337	0.746147838632707
21.6769893097696	0.759627452393637
21.7084052363055	0.773395190113849
21.7398211628414	0.787350793998206
21.7712370893773	0.801562853963348
21.8026530159132	0.815940388656829
21.8340689424491	0.830541694319891
21.865484868985	0.845285332500614
21.8969007955209	0.860219430385446
21.9283167220568	0.875271839273307
21.9597326485927	0.890481082228155
21.9911485751286	0.905783688304436
22.0225645016644	0.92120942727483
22.0539804282003	0.936702678786421
22.0853963547362	0.952285464680123
22.1168122812721	0.967909089601249
22.148228207808	0.983588885009851
22.1796441343439	0.999282143577095
22.2110600608798	1.01499854294799
22.2424759874157	1.03070047473927
22.2738919139516	1.04639293096982
22.3053078404875	1.06204259688537
22.3367237670234	1.07765065209531
22.3681396935593	1.09318737166504
22.3995556200952	1.10865088994834
22.4309715466311	1.12401447426735
22.462387473167	1.13927387441113
22.4938033997029	1.15440485479521
22.5252193262388	1.16940134119487
22.5566352527747	1.18424119341805
22.5880511793106	1.19891698365944
22.6194671058465	1.21340834742484
22.6508830323824	1.22770689521667
22.6822989589183	1.24179378833816
22.7137148854542	1.25566000064795
22.7451308119901	1.2692880272848
22.776546738526	1.28266847465665
22.8079626650619	1.29578502684306
22.8393785915978	1.3086281459567
22.8707945181337	1.32118259758879
22.9022104446696	1.33343888515889
22.9336263712055	1.34538277753141
22.9650422977414	1.3570049746419
22.9964582242773	1.36829219254447
23.0278741508132	1.37923545845687
23.0592900773491	1.38982239571923
23.090706003885	1.40004447006563
23.1221219304209	1.40989018324172
23.1535378569568	1.41935153526933
23.1849537834927	1.42841788379839
23.2163697100286	1.43708184688669
23.2477856365645	1.44533361742918
23.2792015631004	1.45316650627458
23.3106174896363	1.46057151771063
23.3420334161722	1.46754272398184
23.3734493427081	1.47402230786979
23.404865269244	1.48009480400203
23.4362811957799	1.48567767523568
23.4676971223158	1.49084259496338
23.4991130488517	1.49550775910741
23.5305289753876	1.49974408870772
23.5619449019234	1.50347423284119
23.5933608284593	1.50676438877029
23.6247767549952	1.50954593911725
23.6561926815311	1.51187582811072
23.687608608067	1.51369900376034
23.7190245346029	1.51505805886138
23.7504404611388	1.51591692583066
23.7818563876747	1.51629811321952
23.8132723142106	1.5161906437125
23.8446882407465	1.5155904344855
23.8761041672824	1.51451857746375
23.9075200938183	1.51293687689871
23.9389360203542	1.51090664843431
23.9703519468901	1.50834667227424
24.001767873426	1.50536827824256
24.0331837999619	1.50183636033877
24.0645997264978	1.49792437084463
24.0960156530337	1.4934296778127
24.1274315795696	1.48860328406587
24.1588475061055	1.48315739814234
24.1902634326414	1.47744080137517
24.2216793591773	1.4710571083408
24.2530952857132	1.46448012236532
24.2845112122491	1.45717289974283
24.315927138785	1.44981255637004
24.3473430653209	1.44163014614465
24.3787589918568	1.43348741538638
24.4101749183927	1.42442991724273
24.4415908449286	1.41553202150834
24.4730067714645	1.40563964679066
24.5044226980004	1.3960120946579
24.5358386245363	1.38533239833156
24.5672545510722	1.3750003658205
24.5986704776081	1.36358633855436
24.630086404144	1.35257637525471
24.6615023306799	1.34048441886979
24.6929182572158	1.32882605563881
24.7243341837517	1.31611420428771
24.7557501102876	1.30384117144362
24.7871660368235	1.29056777108744
24.8185819633594	1.2777186943321
24.8499978898953	1.26394160237099
24.8814138164312	1.25056017925921
24.9128297429671	1.23633643194907
24.944245669503	1.222471180811
24.9756615960389	1.20785701159748
25.0070775225748	1.19356072487693
25.0384934491107	1.17861179750269
25.0699093756465	1.16394083281709
25.1013253021824	1.14871256555606
25.1327412287183	1.13372608535696
25.1641571552542	1.1182739719313
25.1955730817901	1.10303321029742
25.226989008326	1.08741307666376
25.2584049348619	1.0719806794806
25.2898208613978	1.0562488458474
25.3212367879337	1.04068830405546
25.3526527144696	1.024901644463
25.3840686410055	1.00927682126362
25.4154845675414	0.993492728084102
25.4469004940773	0.97786746971159
25.4783164206132	0.962143738526449
25.5097323471491	0.946581552966243
25.541148273685	0.930976206200211
25.5725642002209	0.915539993233653
25.6039801267568	0.900111060482581
25.6353960532927	0.884862877988282
25.6668119798286	0.869668148692031
25.6982279063645	0.854669002918212
25.7296438329004	0.839765764009214
25.7610597594363	0.82507541465034
25.7924756859722	0.810520182763389
25.8238916125081	0.796196956591689
25.855307539044	0.782045211738564
25.8867234655799	0.768145820994808
25.9181393921158	0.754451746449983
25.9495553186517	0.741031110110745
25.9809712451876	0.72784734164056
26.0123871717235	0.714958409082679
26.0438030982594	0.702335795523321
26.0752190247953	0.690029373087031
26.1066349513312	0.678016749549549
26.1380508778671	0.666341331167664
26.169466804403	0.654985305732629
26.2008827309389	0.643986909256605
26.2322986574748	0.633331663844049
26.2637145840107	0.623053675073231
26.2951305105466	0.613140781187519
26.3265464370825	0.603677405583498
26.3579623636184	0.59457561444288
26.3893782901543	0.585903098486592
26.4207942166902	0.577613387398858
26.4522101432261	0.569765795071021
26.483626069762	0.562321301810981
26.5150419962979	0.555329725524211
26.5464579228338	0.548760060967246
26.5778738493696	0.542652460902736
26.6092897759055	0.536983653748502
26.6407057024414	0.531784687131769
26.6721216289773	0.527039150545009
26.7035375555132	0.522770010355574
26.7349534820491	0.518966515914619
26.766369408585	0.515644792302756
26.7977853351209	0.512798443089916
26.8292012616568	0.510438013969813
26.8606171881927	0.508560214617087
26.8920331147286	0.507171166497956
26.9234490412645	0.506269592143883
26.9548649678004	0.50585816897544
26.9862808943363	0.505936737152025
27.0176968208722	0.506505313623614
27.0491127474081	0.507564163504309
27.080528673944	0.509111239248653
27.1119446004799	0.511146722100624
27.1433605270158	0.513666933965025
27.1747764535517	0.516671617645302
27.2061923800876	0.52015576810648
27.2376083066235	0.52411845741787
27.2690242331594	0.528553558036806
27.3004401596953	0.533459331920099
27.3318560862312	0.538828661338077
27.3632720127671	0.544658927286675
27.394687939303	0.550942103643561
27.4261038658389	0.557674669371803
27.4575197923748	0.564847737229459
27.4889357189107	0.572456899464762
27.5203516454466	0.580492431407829
27.5517675719825	0.588949081671444
27.5831834985184	0.597816294798216
27.6145994250543	0.60708804217538
27.6460153515902	0.616752929738836
27.6774312781261	0.626804240939544
27.708847204662	0.637159550406334
27.7402631311979	0.64792006916991
27.7716790577338	0.658988271973061
27.8030949842697	0.670442175443407
27.8345109108056	0.682181201801076
27.8659268373415	0.694283392537584
27.8973427638774	0.706648445639627
27.9287586904133	0.719351408817598
27.9601746169492	0.732295093848461
27.9915905434851	0.74554913210493
28.023006470021	0.759021625914
28.0544223965569	0.772775070702834
28.0858383230928	0.786724326198887
28.1172542496286	0.800923732653851
28.1486701761645	0.815295708963647
28.1800861027004	0.829886042503606
28.2115020292363	0.844624951618578
28.2429179557722	0.859549773662893
28.2743338823081	0.874598335648037
28.305749808844	0.889799993852223
28.3371657353799	0.905099694743701
28.3685816619158	0.920519520931577
28.3999975884517	0.936010869518044
28.4314135149876	0.9515893864954
28.4628294415235	0.967212167879812
28.4942453680594	0.982889304808047
28.5256612945953	0.998582829843842
28.5570772211312	1.01429814487284
28.5884931476671	1.03000149528066
28.619909074203	1.04569440361713
28.6513250007389	1.06134667291358
28.6827409272748	1.07695667831652
28.7141568538107	1.09249720874557
28.7455727803466	1.10796413647414
28.7769887068825	1.12333275203372
28.8084046334184	1.1385969814258
28.8398205599543	1.15373421691103
28.8712364864902	1.16873691197053
28.9026524130261	1.18358423776693
28.934068339562	1.19826757433907
28.9654842660979	1.2127676165268
28.9969001926338	1.22707500481792
29.0283161191697	1.24117176000524
29.0597320457056	1.25504806134633
29.0911479722415	1.26868710553978
29.1225638987774	1.28207884239729
29.1539798253133	1.29520753313283
29.1853957518492	1.30806309143749
29.2168116783851	1.32063076232986
29.248227604921	1.33290058522483
29.2796435314569	1.34485873202957
29.3110594579928	1.35649550412968
29.3424753845287	1.36779796133549
29.3738913110646	1.37875678253146
29.4053072376005	1.38935988938405
29.4367231641364	1.39959843709663
29.4681390906723	1.40946119175998
29.4995550172082	1.41893987030711
29.5309709437441	1.42802407052278
29.56238687028	1.43670614582036
29.5938027968159	1.44497651379681
29.6252187233517	1.452828230795
29.6566346498876	1.46025251887279
29.6880505764235	1.46724319755312
29.7194665029594	1.47374547127002
29.7508824294953	1.47983493245763
29.7822983560312	1.48544107296412
29.8137142825671	1.49062345085766
29.845130209103	1.49531224915855
29.8765461356389	1.49956659906412
29.9079620621748	1.50332050364766
29.9393779887107	1.50662933153048
29.9707939152466	1.50943450714419
30.0022098417825	1.51178382979362
30.0336257683184	1.51363021084547
30.0650416948543	1.5150095938055
30.0964576213902	1.51589093591112
30.1278735479261	1.51629350481118
30.159289474462	1.51620743851867
30.1907054009979	1.51562985885349
30.2221213275338	1.51457795063474
30.2535372540697	1.51302036971481
30.2849531806056	1.51100819728093
30.3163691071415	1.50847413958261
30.3477850336774	1.50551139199082
30.3792009602133	1.5020075948184
30.4106168867492	1.49810821353672
30.4420328132851	1.49364438267512
30.473448739821	1.48882676920281
30.5048646663569	1.48341522219212
30.5362805928928	1.47770255354295
30.5676965194287	1.47135769795707
30.5991124459646	1.46477841791542
30.6305283725005	1.45751597736797
30.6619442990364	1.45014181345554
30.6933602255723	1.44201548065415
30.7247761521082	1.43384892973132
30.7561920786441	1.4248558240332
30.78760800518	1.41592488154213
30.8190239317159	1.40610386891438
30.8504398582518	1.3964356363339
30.8818557847877	1.38583223615969
30.9132717113236	1.37545403118912
30.9446876378595	1.36411881170614
30.9761035643954	1.35305955526158
31.0075194909313	1.34104642492571
31.0389354174672	1.32933795139312
31.0703513440031	1.31670264883605
31.101767270539	1.30438069523667
31.1331831970748	1.29117965631396
31.1645991236107	1.27828441776854
31.1960150501466	1.26457407275323
31.2274309766825	1.25115032487034
31.2588469032184	1.23698678354379
31.2902628297543	1.22308364705501
31.3216787562902	1.2085226754131
31.3530946828261	1.19419313227073
31.384510609362	1.17929030812866
31.4159265358979	1.16459057987291
31.4473424624338	1.14940152469306
31.4787583889697	1.13439040557266
31.5101743155056	1.11897101387855
31.5415902420415	1.10370922448659
31.5730061685774	1.08811584007155
31.6044220951133	1.07266544046784
31.6358380216492	1.05695495368641
31.6672539481851	1.04137883284872
31.698669874721	1.02560869243588
31.7300858012569	1.00997013518054
31.7615017277928	0.994198280626963
31.7929176543287	0.978560603675484
31.8243335808646	0.962845331012158
31.8557495074005	0.947271575459509
31.8871654339364	0.931671351810533
31.9185813604723	0.916224018365591
31.9499972870082	0.900797260314602
31.9814132135441	0.885538074937397
32.01282914008	0.87034290388686
32.0442450666159	0.855332603744352
32.0756609931518	0.840426588954172
32.1070769196877	0.825724721203426
32.1384928462236	0.811164618671091
32.1699087727595	0.796829347005829
32.2013246992954	0.782670840121464
32.2327406258313	0.768758756063683
32.2641565523672	0.755056202177993
32.2955724789031	0.741622139694338
32.326988405439	0.728428325393076
32.3584043319749	0.71552517859146
32.3898202585108	0.702891085532153
32.4212361850467	0.69056963001909
32.4526521115826	0.67854421258339
32.4840680381185	0.666852931628316
32.5154839646544	0.655482907305127
32.5468998911903	0.644467824359298
32.5783158177261	0.633797477642572
32.6097317442621	0.623501997097318
32.6411476707979	0.613572997723577
32.6725635973338	0.604087596686918
32.7039795238697	0.594972631630754
32.7353954504056	0.586277815573341
32.7668113769415	0.577973568746932
32.7982273034774	0.570103592240318
32.8296432300133	0.562643193974509
32.8610591565492	0.55562926392513
32.8924750830851	0.549042393225101
32.923891009621	0.542912521958051
32.9553069361569	0.537225333229939
32.9867228626928	0.532004187511138
33.0181387892287	0.527239256132231
33.0495547157646	0.522948016041994
33.0809706423005	0.519124292895199
33.1123865688364	0.515780530120595
33.1438024953723	0.512913299597674
33.1752184219082	0.510530879943409
33.2066343484441	0.508631720031671
33.23805027498	0.507220731139222
33.2694662015159	0.506297477068012
33.3008821280518	0.505864179995585
33.3322980545877	0.505920894346033
33.3637139811236	0.50646769668387
33.3951299076595	0.507504649145237
33.4265458341954	0.509030097308895
33.4579617607313	0.511043756845565
33.4893776872672	0.513542545653098
33.5207936138031	0.516525587133254
33.552209540339	0.519988585382449
33.5836254668749	0.523929911989425
33.6150413934108	0.528344203301668
33.6464573199467	0.533228985446371
33.6778732464826	0.538577924048307
33.7092891730185	0.544387655073147
33.7407050995544	0.550650936439464
33.7721210260903	0.5573635051444
33.8035369526262	0.564517251558947
33.8349528791621	0.572107031462143
33.866368805698	0.580123892618889
33.8977847322339	0.58856184786641
33.9292006587698	0.597411116675852
33.9606165853057	0.606664924632731
33.9920325118416	0.616312668471138
34.0234484383775	0.626346859287283
34.0548643649134	0.636690388547578
34.0862802914493	0.647430354670888
34.1176962179852	0.658487908437794
34.149112144521	0.669922107051355
34.180528071057	0.681651493316874
34.2119439975928	0.693735060039434
34.2433599241287	0.706091376436336
34.2747758506646	0.71877699754778
34.3061917772005	0.731712772295863
34.3376077037364	0.744950910922607
34.3690236302723	0.758416277413357
34.4004395568082	0.772155382718801
34.4318554833441	0.786098283096002
34.46327140988	0.800284987846852
34.4946873364159	0.814651398453375
34.5261032629518	0.829230711315466
34.5575191894877	0.843964882560985
34.5889351160236	0.858880380801456
34.6203510425595	0.873925085028081
34.6517669690954	0.889119111755526
34.6831828956313	0.904415894274223
34.7145988221672	0.919829762579146
34.7460147487031	0.935319192671036
34.777430675239	0.950893397447685
34.8088466017749	0.966515317464884
34.8402625283108	0.9821897544953
34.8716784548467	0.997883526142131
34.9030943813826	1.01359771724083
34.9345103079185	1.02930246468147
34.9659262344544	1.04499578727841
34.9973421609903	1.06065063697757
35.0287580875262	1.07626255636634
35.0601740140621	1.09180687361915
35.091589940598	1.10727717612092
35.1230058671339	1.12265079815386
35.1544217936698	1.13791982356785
35.1858377202057	1.15306328895977
35.2172536467416	1.16807216082895
35.2486695732775	1.18292693485519
35.2800854998134	1.19761778723679
35.3115014263493	1.21212648260522
35.3429173528852	1.22644268217752
35.3743332794211	1.24054927451442
35.405749205957	1.25443563696562
35.4371651324929	1.26808567432323
35.4685810590288	1.2814886740524
35.4999969855647	1.29462947964391
35.5314129121006	1.30749745185634
35.5628288386365	1.3200783191699
35.5942447651724	1.33236165347096
35.6256606917082	1.3443340328592
35.6570766182442	1.35598535743562
35.68849254478	1.3673030332058
35.7199084713159	1.37827738862311
35.7513243978518	1.38889664554081
35.7827403243877	1.39915164705654
35.8141562509236	1.40903142498458
35.8455721774595	1.41852741203603
35.8769881039954	1.42762944709157
35.9084040305313	1.43632961817868
35.9398199570672	1.44461856817427
35.9712358836031	1.45248909854611
36.002651810139	1.45993264931758
36.0340677366749	1.46694278730988
36.0654836632108	1.47346774967756
36.0968995897467	1.47957415087222
36.1283155162826	1.48520356708437
36.1597314428185	1.49040337379406
36.1911473693544	1.49511582063228
36.2225632958903	1.49938815702927
36.2539792224262	1.50316584453426
36.2853951489621	1.50649330608858
36.316811075498	1.5093221375355
36.3482270020339	1.51169085117783
36.3796429285698	1.51356047623731
36.4110588551057	1.51496014010187
36.4424747816416	1.5158640039738
36.4738907081775	1.51628790311795
36.5053066347134	1.51622329484883
36.5367225612493	1.51566828889457
36.5681384877852	1.51463639294914
36.5995544143211	1.51310287054197
36.630970340857	1.51110882728948
36.6623862673929	1.50860062028005
36.6938021939288	1.50565360380216
36.7252181204647	1.50217785059706
36.7566340470006	1.49829117680885
36.7880499735365	1.49385811853077
36.8194659000724	1.48904940418462
36.8508818266083	1.48367208760766
36.8822977531442	1.47796349335902
36.9137136796801	1.47165733832625
36.945129606216	1.46507595036859
36.9765455327519	1.45785811158509
37.0079614592878	1.45047035609631
37.0393773858237	1.44239993941586
37.0707933123596	1.43420972822893
37.1022092388955	1.42528094432619
37.1336251654314	1.41631701194384
37.1650410919673	1.40656740698521
37.1964570185031	1.39685842845722
37.2278729450391	1.38633149620658
37.2592888715749	1.37590692790978
37.2907047981108	1.36465080902701
37.3221207246467	1.35354195466843
37.3535366511826	1.34160804709794
37.3849525777185	1.3298490665211
37.4163685042544	1.31729078853507
37.4477844307903	1.30491945313416
37.4792003573262	1.29179130233139
37.5106162838621	1.27884940566768
37.542032210398	1.26520635746499
37.5734481369339	1.25173978013115
37.6048640634698	1.23763699326019
37.6362799900057	1.22369548096661
37.6676959165416	1.20918823419202
37.6991118430775	1.19482497550854
37.7305277696134	1.17996874637573
37.7619436961493	1.16523983823591
37.7933596226852	1.15009044235505
37.8247755492211	1.13505431713594
37.856191475757	1.11966804543072
37.8876074022929	1.10438491231889
37.9190233288288	1.08881862572014
37.9504392553647	1.07334995781398
37.9818551819006	1.05766111881588
38.0132711084365	1.04206919979325
38.0446870349724	1.02631583557263
38.0761029615083	1.01066336720882
38.1075188880442	0.994903969086938
38.1389348145801	0.979253733318821
38.170350741116	0.963547102846077
38.2017666676519	0.947961668505734
38.2331825941878	0.932366722503851
38.2645985207237	0.916908186100339
38.2960144472596	0.901483732792288
38.3274303737955	0.886213483691188
38.3588463003314	0.871017980594412
38.3902622268673	0.855996482757821
38.4216781534032	0.841087785050327
38.4530940799391	0.826374369553514
38.484510006475	0.811809475622674
38.5159259330109	0.797462140094607
38.5473418595468	0.783296939208765
38.5787577860827	0.769372151976014
38.6101737126186	0.755661177590833
38.6415896391545	0.742213685581551
38.6730055656904	0.72900987672405
38.7044214922263	0.716092517131987
38.7358374187622	0.703446989560216
38.767253345298	0.691110505934639
38.798669271834	0.679072334296896
38.8300851983698	0.667365198186722
38.8615011249057	0.655981210145403
38.8929170514416	0.644949449764026
38.9243329779775	0.634264032965035
38.9557489045134	0.62395107063949
38.9871648310493	0.614005993477526
39.0185807575852	0.604498562311194
39.0499966841211	0.595370467725837
39.081412610657	0.586653338388947
39.1128285371929	0.578334603634126
39.1442444637288	0.570442224991232
39.1756603902647	0.562965969288216
39.2070763168006	0.555929666015039
39.2384922433365	0.549325633510588
39.2699081698724	0.543173472512116
39.3013240964083	0.537467941273228
39.3327400229442	0.532224600325041
39.3641559494801	0.527440306848128
39.395571876016	0.523126953722501
39.4269878025519	0.519283027895385
39.4584037290878	0.515917215737729
39.4898196556237	0.513029123523216
39.5212355821596	0.510624705522518
39.5526515086955	0.508704198852839
39.5840674352314	0.507271263065552
39.6154833617673	0.506326337987483
39.6468992883032	0.505871161815121
39.6783152148391	0.505906026689647
39.709731141375	0.506431049914665
39.7411470679109	0.507446105604225
39.7725629944468	0.5089499208269
39.8039789209827	0.510941754543176
39.8353948475186	0.513419114082394
39.8668107740545	0.516380508142824
39.8982267005904	0.519822346770679
39.9296426271263	0.523742303077275
39.9610585536622	0.528135776235289
39.9924744801981	0.532999556926682
40.023890406734	0.538328094272298
40.0553063332699	0.544117278737995
40.0867222598058	0.550360652991335
40.1181381863417	0.557053211274958
40.1495541128776	0.564187622399371
40.1809700394135	0.571758004944793
40.2123859659494	0.579756179732308
40.2438018924852	0.588175423436884
40.2752178190212	0.597006730616482
40.306633745557	0.606242581256619
40.3380496720929	0.615873162338258
40.3694655986288	0.625890213655079
40.4008815251647	0.636221930629422
40.4322974517006	0.646941330713574
40.4637133782365	0.657988210423342
40.4951293047724	0.669402681204287
40.5265452313083	0.681122408932252
40.5579611578442	0.693187320148329
40.5893770843801	0.705534886778468
40.620793010916	0.718203127423624
40.6522089374519	0.731130982641232
40.6836248639878	0.744353178170472
40.7150407905237	0.757811410257565
40.7464567170596	0.771536129351405
40.7778726435955	0.785472668174712
40.8092885701314	0.799646622830448
40.8407044966673	0.814007460711143
40.8721204232032	0.828575704134647
40.9035363497391	0.843305128993956
40.934952276275	0.858211255262537
40.9663682028109	0.87325209114253
40.9977841293468	0.888438439471219
41.0292000558827	0.903732290671067
41.0606159824186	0.919140155810395
41.0920319089545	0.934627652050558
41.1234478354904	0.950197501176128
41.1548637620263	0.965818542176739
41.1862796885622	0.981490237742661
41.2176956150981	0.997184236293069
41.249111541634	1.01289726373979
41.2805274681699	1.02860338674987
41.3119433947058	1.04429708564278
41.3433593212417	1.05995449285917
41.3747752477776	1.0755682899195
41.4061911743135	1.09111637002809
41.4376071008494	1.10659001253345
41.4690230273853	1.12196861631758
41.5004389539212	1.13724240443661
41.5318548804571	1.15239207456588
41.563270806993	1.16740709130891
41.5946867335289	1.18226928822914
41.6261026600648	1.19696762581619
41.6575185866007	1.21148494911572
41.6889345131366	1.22580993066962
41.7203504396725	1.2399263352183
41.7517663662084	1.25382273077691
41.7831822927443	1.26748373687263
41.8145982192801	1.28089797277683
41.846014145816	1.29405086948687
41.8774300723519	1.30693123023932
41.9088459988878	1.31952527108127
41.9402619254237	1.33182209278265
41.9716778519596	1.34380868284361
42.0030937784955	1.35547453729309
42.0345097050314	1.36680741081935
42.0659256315673	1.37779727930266
42.0973415581032	1.38843266668445
42.1287574846391	1.39870410234377
42.160173411175	1.40860088523238
42.1915893377109	1.41811416267299
42.2230052642468	1.42723401563533
42.2544211907827	1.43595226598883
42.2858371173186	1.4442597824985
42.3172530438545	1.45214911135815
42.3486689703904	1.45961191078206
42.3800848969263	1.46664149487915
42.4115008234622	1.47318914459318
42.4429167499981	1.47931246065281
42.474332676534	1.4849651588892
42.5057486030699	1.49018236495216
42.5371645296058	1.49491847460934
42.5685804561417	1.49920876355023
42.5999963826776	1.50301025636474
42.6314123092135	1.50635631315686
42.6628282357494	1.50920883093172
42.6942441622853	1.51159689274158
42.7256600888212	1.51348980034544
42.7570760153571	1.51490969799898
42.788491941893	1.51583613018745
42.8199078684289	1.51628130816684
42.8513237949648	1.5162382126182
42.8827397215007	1.51570572442728
42.9141556480366	1.51469390405193
42.9455715745725	1.51318437900932
42.9769875011084	1.51120853781178
43.0084034276443	1.50872611383342
43.0398193541802	1.50579491270251
43.0712352807161	1.50234712701824
43.102651207252	1.49847325931209
43.1340671337879	1.49407088465687
43.1654830603238	1.48927118721093
43.1968989868597	1.4839279936863
43.2283149133956	1.47822361844639
43.2597308399314	1.47195602890181
43.2911467664673	1.46537271655775
43.3225626930032	1.45819930222787
43.3539786195391	1.45079818015735
43.385394546075	1.442783522959
43.4168104726109	1.4345698055399
43.4482263991468	1.42570527999728
43.4796423256827	1.41670840572151
43.5110582522186	1.40703026477957
43.5424741787545	1.39728046205145
43.5738901052904	1.38683018442936
43.6053060318263	1.37635904491684
43.6367219583622	1.36518233857734
43.6681378848981	1.35402356048186
43.699553811434	1.34216929514609
43.7309697379699	1.33035938649226
43.7623856645058	1.31787863422524
43.7938015910417	1.3054574296009
43.8252175175776	1.29240272036759
43.8566334441135	1.27941364206323
43.8880493706494	1.26583846747366
43.9194652971853	1.25232852917475
43.9508812237212	1.23828707128084
43.9822971502571	1.22430666721174
44.013713076793	1.20985369696402
44.0451290033289	1.19545624010237
44.0765449298648	1.18064711990746
44.1079608564007	1.165888594458
44.1393767829366	1.15077932475786
44.1707927094725	1.1357178077287
44.2022086360084	1.12036507137527
44.2336245625443	1.10506026261504
44.2650404890802	1.0895214370574
44.2964564156161	1.07403422142992
44.327872342152	1.05836734347523
44.3592882686879	1.04275939580524
44.3907041952238	1.02702307505615
44.4221201217597	1.01135650916651
44.4535360482956	0.995609793747841
44.4849519748315	0.979946851252526
44.5163679013674	0.964249053565456
44.5477838279033	0.948651825403275
44.5791997544392	0.933062317212138
44.6106156809751	0.917592490327373
44.642031607511	0.902170476369303
44.6734475340469	0.886889098645975
44.7048634605828	0.871693376901456
44.7362793871186	0.85666063479077
44.7676953136546	0.841749350113779
44.7991112401904	0.827024354910374
44.8305271667263	0.812454751245667
44.8619430932622	0.798095331399147
44.8933590197981	0.783923506508915
44.924774946334	0.76998600456842
44.9561908728699	0.756266670136478
44.9876067994058	0.742805743877545
45.0190227259417	0.729591993070245
45.0504386524776	0.71666042105835
45.0818545790135	0.704003505074632
45.1132705055494	0.691651997422948
45.1446864320853	0.679601112222637
45.1761023586212	0.667878127658191
45.2075182851571	0.656480211881345
45.238934211693	0.64543178250633
45.2703501382289	0.634731327560248
45.3017660647648	0.624400892952175
45.3331819913007	0.614439766341237
45.3645979178366	0.60491029991093
45.3960138443725	0.595769120836242
45.4274297709084	0.587029664563042
45.4588456974443	0.578696490379337
45.4902616239802	0.570781691151059
45.5216775505161	0.563289626272054
45.553093477052	0.556230929842496
45.5845094035879	0.54960978053506
45.6159253301238	0.543435310855519
45.6473412566597	0.537711476774746
45.6787571831956	0.532445924121608
45.7101731097315	0.527642301772319
45.7415890362674	0.523306822212278
45.7730049628033	0.519442720180699
45.8044208893392	0.516054848240357
45.8358368158751	0.513145914323926
45.867252742411	0.510719490064025
45.8986686689469	0.508777650737571
45.9300845954828	0.50732276190128
45.9615005220187	0.506356174766927
45.9929164485546	0.505879114320956
46.0243323750905	0.505892134262415
46.0557483016264	0.506395373459867
46.0871642281623	0.507388533181492
46.1185801546982	0.5088707101977
46.1499960812341	0.51084071571821
46.18141200777	0.513296639893347
46.2128279343059	0.51623638142518
46.2442438608418	0.519657053151323
46.2756597873777	0.523555631658945
46.3070757139135	0.527928277951829
46.3384916404495	0.532771047563076
46.3699075669853	0.538079173352355
46.4013234935212	0.54384779970432
46.4327394200571	0.550071254863443
46.464155346593	0.556743789402727
46.4955712731289	0.56385885153037
46.5269871996648	0.571409821761859
46.5584031262007	0.579389294736004
46.5898190527366	0.587789810434451
46.6212349792725	0.596603138808668
46.6526509058084	0.605821014292347
46.6840668323443	0.615434413721289
46.7154827588802	0.625434306472001
46.7468986854161	0.635754179210178
46.778314611952	0.646452999893675
46.8097305384879	0.657489180672934
46.8411464650238	0.668883900645074
46.8725623915597	0.680593951571433
46.9039783180956	0.692640175739367
46.9353942446315	0.704978979761993
46.9668101711674	0.717629801441594
46.9982260977033	0.73054972813834
47.0296420242392	0.74375593695843
47.0610579507751	0.757207027841041
47.092473877311	0.770917313817384
47.1238898038469	0.784847484951071
47.1553057303828	0.799008640921738
47.1867216569187	0.813363899355089
47.2181375834546	0.827921024371184
47.2495535099905	0.842645694618549
47.2809694365264	0.85754240054024
47.3123853630623	0.872579357757052
47.3438012895982	0.887757980566901
47.3752172161341	0.903048887747402
47.40663314267	0.918450704254283
47.4380490692059	0.933936251501181
47.4694649957418	0.949501701357541
47.5008809222777	0.965121845876234
47.5322968488136	0.980790758260245
47.5637127753495	0.996484964159348
47.5951287018854	1.01219678809788
47.6265446284213	1.02790426533653
47.6579605549572	1.04359830244071
47.6893764814931	1.05925824438344
47.720792408029	1.07487388269298
47.7522083345649	1.09042570175854
47.7836242611007	1.10590264939938
47.8150401876367	1.12128621025893
47.8464561141725	1.13656472767486
47.8778720407084	1.15172057739827
47.9092879672443	1.16674170699306
47.9407038937802	1.18161130147965
47.9721198203161	1.19631709358488
48.003535746852	1.21084301955839
48.0349516733879	1.22517675371243
48.0663675999238	1.23930294551368
48.0977835264597	1.25320934609503
48.1291994529956	1.26688129646929
48.1606153795315	1.28030674176878
48.1920313060674	1.29347170581567
48.2234472326033	1.30636442965522
48.2548631591392	1.31897162107905
48.2862790856751	1.33128190608722
48.317695012211	1.34328268484799
48.3491109387469	1.3549630464765
48.3805268652828	1.36631109688098
48.4119427918187	1.37731645718086
48.4433587183546	1.38796795534954
48.4747746448905	1.39825580539542
48.5061905714264	1.40816957485859
48.5376064979623	1.41770012447224
48.5690224244982	1.42683777832149
48.6004383510341	1.43557409131384
48.63185427757	1.44390015874167
48.6632702041059	1.45180827109544
48.6946861306418	1.45929030503677
48.7261020571777	1.46633932192028
48.7575179837136	1.4729096575492
48.7889339102495	1.47904986323661
48.8203498367854	1.48472584970109
48.8517657633213	1.48996042553955
48.8831816898572	1.49472021219827
48.9145976163931	1.49902841959973
48.946013542929	1.50285374002869
48.9774294694649	1.50621835347066
49.0088453960008	1.50909458799727
49.0402613225367	1.51150195498352
49.0716772490726	1.51341818360127
49.1030931756085	1.51485826776294
49.1345091021444	1.51580731474059
49.1659250286803	1.51627371999957
49.1973409552162	1.51625219175978
49.2287568817521	1.51574216528182
49.260172808288	1.51475048360389
49.2915887348239	1.51326489475437
49.3230046613598	1.51130732821365
49.3544205878956	1.50885061971453
49.3858365144316	1.50593531773031
49.4172524409674	1.50251542342674
49.4486683675033	1.49865445970914
49.4800842940392	1.49428268032778
49.5115002205751	1.48949211649325
49.542916147111	1.48418293971747
49.5743320736469	1.47848292644255
49.6057480001828	1.47225376912262
49.6371639267187	1.46566871333725
49.6685798532546	1.45853954910557
49.6999957797905	1.45112528153485
49.7314117063264	1.44316623179055
49.7628276328623	1.43492915635395
49.7942435593982	1.42612883292106
49.8256594859341	1.41709905589487
49.85707541247	1.40749244612025
49.8884913390059	1.39770172811342
49.9199072655418	1.38732830690379
49.9513231920777	1.37681037105841
49.9827391186136	1.36571340862325
50.0141550451495	1.35450435954858
50.0455709716854	1.34273017912277
50.0769868982213	1.33086889653943
50.1084028247572	1.318466197113
50.1398187512931	1.30599460879659
50.171234677829	1.29301392206561
50.2026506043649	1.27997711063211
50.2340665309008	1.26647041418379
50.2654824574367	1.25291655574659
50.2968983839726	1.23893702822208
50.3283143105085	1.22491719005849
50.3597302370444	1.21051907316907
50.3911461635803	1.19608691117382
50.4225620901162	1.18132543676
50.4539780166521	1.16653683472131
50.485393943188	1.15146817844447
50.5168098697239	1.13638086469217
50.5482257962598	1.12106209677841
50.5796417227957	1.10573526388864
50.6110576493316	1.09022427776235
50.6424735758675	1.07471822095399
50.6738895024034	1.05907363009042
50.7053054289393	1.04344941156182
50.7367213554752	1.02773041221586
50.7681372820111	1.01204955266338
50.799553208547	0.996315755005033
50.8309691350829	0.980639949906615
50.8623850616188	0.964951182789181
50.8938009881547	0.949342039293272
50.9252169146905	0.933758134924039
50.9566328412265	0.918276924799046
50.9880487677623	0.902857489535356
51.0194646942982	0.887564914077858
51.0508806208341	0.872369090914098
51.08229654737	0.857325054569003
51.1137124739059	0.842411281966538
51.1451284004418	0.827674672388896
51.1765443269777	0.813100443162893
51.2079602535136	0.798728916375029
51.2393761800495	0.784550539517384
51.2707921065854	0.770600309599717
51.3022080331213	0.756872677243551
51.3336239596572	0.743398310616075
51.3650398861931	0.73017467184436
51.396455812729	0.717228886658594
51.4278717392649	0.704560629514984
51.4592876658008	0.692194101011788
51.4907035923367	0.680130543863313
51.5221195188726	0.668391716800414
51.5535354454085	0.656979910109492
51.5849513719444	0.64591481956762
51.6163672984803	0.635199359144934
51.6477832250162	0.624851461236788
51.6791991515521	0.614874314174392
51.710615078088	0.605322806892259
51.7420310046239	0.59616858904006
51.7734469311598	0.587406791678146
51.8048628576957	0.579059227273315
51.8362787842316	0.571121988501958
51.8676947107675	0.563614163419339
51.8991106373034	0.556533053413437
51.9305265638393	0.549894832984516
51.9619424903752	0.543698035239195
51.9933584169111	0.537955938606621
52.024774343447	0.532668157412644
52.0561902699829	0.527845239961273
52.0876061965188	0.523487620293691
52.1190221230547	0.51960336899471
52.1504380495906	0.516193426685466
52.1818539761265	0.513263671436623
52.2132699026624	0.51081523289918
52.2446858291983	0.5088520753239
52.2761017557342	0.507375227248631
52.3075176822701	0.506386987253916
52.338933608806	0.505888037381318
52.3703495353419	0.505879217128965
52.4017654618777	0.506360667448008
52.4331813884137	0.507331932164699
52.4645973149495	0.508792465804235
52.4960132414854	0.510740640885421
52.5274291680213	0.513175123717478
52.5588450945572	0.516093207724191
52.5902610210931	0.519492705398743
52.621676947629	0.523369898707474
52.6530928741649	0.52772170956274
52.6845088007008	0.532543458556007
52.7159247272367	0.53783116263111
52.7473406537726	0.543579219396585
52.7787565803085	0.5497827436234
52.8101725068444	0.556435241171301
52.8415884333803	0.56353094073789
52.8730043599162	0.57106248376983
52.9044202864521	0.579023239627131
52.935836212988	0.587405010921
52.9672521395239	0.596200343453081
52.9986680660598	0.605400225998498
53.0300839925957	0.614996425016242
53.0614999191316	0.624979140183293
53.0929158456675	0.635287136865722
53.1243317722034	0.645965364825783
53.1557476987393	0.656990821950192
53.1871636252752	0.668365768137983
53.2185795518111	0.68006612418191
53.249995478347	0.692093629711379
53.2814114048829	0.704423658508954
53.3128273314188	0.717057022624123
53.3442432579547	0.729969012069817
53.3756591844906	0.743159190424466
53.4070751110265	0.756603133589615
53.4384910375624	0.770298939363688
53.4699069640983	0.784222736974951
53.5013228906342	0.798371045470061
53.5327388171701	0.812720718039392
53.564154743706	0.827266675469337
53.5955706702419	0.841986583173905
53.6269865967778	0.856873820164769
53.6584025233137	0.871906888677286
53.6898184498496	0.887077738648113
53.7212343763855	0.902365689357984
53.7526503029214	0.917761411579389
53.7840662294573	0.933244994910528
53.8154821559932	0.948806001709944
53.8468980825291	0.964425232468475
53.878314009065	0.980091319800787
53.9097299356009	0.99578571364901
53.9411458621368	1.01149629408712
53.9725617886726	1.02720510433829
54.0039777152085	1.04289944144767
54.0353936417444	1.05856189542234
54.0668095682803	1.07417933844962
54.0982254948162	1.08973487264407
54.1296414213521	1.10521509045296
54.161057347888	1.12060358375978
54.1924732744239	1.13588679697243
54.2238892009598	1.15104880117388
54.2553051274957	1.16607601151136
54.2867210540316	1.18095297824569
54.3181369805675	1.19566619409787
54.3495529071034	1.21020069748134
54.3809688336393	1.22454315477141
54.4123847601752	1.23867910884507
54.4438006867111	1.25259548628186
54.475216613247	1.26627835644173
54.5066325397829	1.279714984273
54.5380484663188	1.29289199183074
54.5694643928547	1.30579705321878
54.6008803193906	1.31841737222398
54.6322962459265	1.33074109635706
54.6637121724624	1.3427560417822
54.6951280989983	1.35445088780433
54.7265440255342	1.36581409413901
54.7579599520701	1.3768349249113
54.789375878606	1.38750251411288
54.8207918051419	1.3978067586901
54.8522077316778	1.40773749625909
54.8836236582137	1.41728529972796
54.9150395847496	1.42644073735652
54.9464555112855	1.43519509625495
54.9778714378214	1.4435396989132
55.0092873643573	1.45146657965872
55.0407032908932	1.45896783388753
55.0721192174291	1.46603627012699
55.103535143965	1.47262929011103
55.1349510705009	1.47878636009313
55.1663669970368	1.48448564087357
55.1977829235727	1.48973755679367
55.2291988501086	1.4945210345365
55.2606147766445	1.49884712617776
55.2920307031804	1.50269629644244
55.3234466297163	1.50607942778987
55.3548625562522	1.50897940942112
55.3862784827881	1.51140603842389
55.4176944093239	1.51334562645856
55.4491103358598	1.5148058496783
55.4805262623957	1.51577755784193
55.5119421889316	1.51626513867299
55.5433581154675	1.5162652322246
55.5747740420034	1.51577761130007
55.6061899685393	1.51480613128187
55.6376058950752	1.51334441742272
55.6690218216111	1.5114051978752
55.700437748147	1.50897413739938
55.7318536746829	1.50607481793689
55.7632696012188	1.50268273916724
55.7946855277547	1.49883477667485
55.8261014542906	1.49449350481292
55.8575173808265	1.48971219025576
55.8889333073624	1.48443692497995
55.9203492338983	1.4787414150004
55.9517651604342	1.47255055840952
55.9831810869701	1.46596393758424
56.014597013506	1.45887885199872
56.0460129400419	1.45145165615774
56.0774288665778	1.44354806639026
56.1088447931137	1.43528777539134
56.1402607196496	1.42655160496648
56.1716766461855	1.41748895549593
56.2030925727214	1.40795395487402
56.2345084992573	1.39812221761149
56.2659244257932	1.38782586982619
56.2973403523291	1.37726089509071
56.328756278865	1.36624402764469
56.3601722054009	1.35498433854459
56.3915881319368	1.34329070938823
56.4230040584727	1.33137758164243
56.4544199850086	1.31905348879152
56.4858359115445	1.30653097455437
56.5172518380804	1.29362491950898
56.5486677646163	1.28053979466911
56.5800836911522	1.26710220946502
56.6114996176881	1.25350384317674
56.642915544224	1.23958687516251
56.6743314707599	1.22552703334854
56.7057473972958	1.21118437268453
56.7371633238317	1.196716973426
56.7685792503676	1.18200370536705
56.7999951769035	1.16718454481159
56.8314111034394	1.15215701030688
56.8628270299753	1.13704347500248
56.8942429565111	1.12175912700371
56.9256588830471	1.10640990432405
56.9570748095829	1.09092715176041
56.9884907361188	1.07540194573244
57.0199066626547	1.05977998128631
57.0513225891906	1.04413923748378
57.0827385157265	1.02843784853726
57.1141544422624	1.01274248908588
57.1455703687983	0.997021853372544
57.1769862953342	0.981333021517152
57.2084022218701	0.965653490222952
57.239818148406	0.950032303148371
57.2712340749419	0.934454174688273
57.3026500014778	0.918961483120823
57.3340659280137	0.903544770818256
57.3654818545496	0.888240924134064
57.3968977810855	0.873045120758646
57.4283137076214	0.857989736704419
57.4597296341573	0.843073578436528
57.4911455606932	0.82832531700234
57.5225614872291	0.813746548991784
57.553977413765	0.79936289038635
57.5853933403009	0.7851780357155
57.6168092668368	0.771215062745497
57.6482251933727	0.75747919631984
57.6796411199086	0.743991381754558
57.7110570464445	0.730757910433242
57.7424729729804	0.71779791015016
57.7738888995163	0.705118360291436
57.8053048260522	0.692736813163246
57.8367207525881	0.680660626689722
57.868136679124	0.66890596230967
57.8995526056599	0.657480302392999
57.9309685321958	0.646398557871672
57.9623844587317	0.635668125401677
57.9938003852676	0.625302772640576
58.0252163118035	0.615309634802447
58.0566322383394	0.605736080609908
58.0880481648753	0.596568870383481
58.1194640914112	0.587784717266934
58.1508800179471	0.579422812576908
58.182295944483	0.57146311477839
58.2137118710189	0.563939579195168
58.2451277975548	0.556836034688862
58.2765437240907	0.550180789518126
58.3079596506266	0.543961643872373
58.3393755771625	0.538201325615411
58.3707915036984	0.532891298671813
58.4022074302343	0.52804912044712
58.4336233567702	0.523669346714747
58.465039283306	0.519764973558001
58.4964552098419	0.516332950099537
58.5278711363778	0.513382394276681
58.5592870629137	0.510911933332584
58.5907029894496	0.508927472230219
58.6221189159855	0.507428658686956
58.6535348425214	0.506418775278446
58.6849507690573	0.505897930845252
58.7163666955932	0.50586727533868
58.7477826221291	0.506326931992014
58.779198548665	0.507276302828829
58.8106144752009	0.508715188017332
58.8420304017368	0.51064153054964
58.8734463282727	0.513054566177614
58.9048622548086	0.515950987776721
58.9362781813445	0.519329304381954
58.9676941078804	0.523185105191932
58.9991100344163	0.527516072177437
59.0305259609522	0.532316791105056
59.0619418874881	0.537584063452433
59.093357814024	0.543311539241533
59.1247737405599	0.549495120843286
59.1561896670958	0.556127568229701
59.1876055936317	0.56320389181557
59.2190215201676	0.57071599283379
59.2504374467035	0.578658016413676
59.2818533732394	0.587021026970161
59.3132692997753	0.595798346764362
59.3446852263112	0.604980218648493
59.3761011528471	0.614559198636134
59.407517079383	0.624524717252145
59.4389330059189	0.634820806191755
59.4703489324548	0.645478428145244
59.5017648589907	0.656493137041639
59.5331807855266	0.667848286470714
59.5645967120625	0.679538929737152
59.5960126385984	0.69154768498911
59.6274285651343	0.703868926170414
59.6588444916702	0.716484794021929
59.6902604182061	0.729388837750192
59.721676344742	0.74256294173713
59.7530922712779	0.755999730963817
59.7845081978138	0.769681009270028
59.8159241243497	0.783598427833467
59.8473400508856	0.79773383985971
59.8787559774215	0.812077920457796
59.9101719039574	0.826612660910463
59.9415878304932	0.841327798440753
59.9730037570292	0.856205517705519
60.004419683565	0.871234687752305
60.0358356101009	0.886397717361515
60.0672515366368	0.901682699402649
60.0986674631727	0.917072281497284
60.1300833897086	0.932553886212731
60.1614993162445	0.948110405995972
60.1929152427804	0.963728705906397
60.2243311693163	0.979391926163158
60.2557470958522	0.995086488718966
60.2871630223881	1.01079578552697
60.318578948924	1.02650590770181
60.3499948754599	1.04220050648766
60.3814108019958	1.05786544989833
60.4128267285317	1.07348466100176
60.4442426550676	1.08904388656931
60.4756585816035	1.10452733947862
60.5070745081394	1.11992074065336
60.5384904346753	1.13520861606987
60.5699063612112	1.15037674966122
60.6013222877471	1.16541000854474
60.632738214283	1.18029432221777
60.6641541408189	1.19501493096123
60.6955700673548	1.20955798648399
60.7269859938907	1.22390913736292
60.7584019204266	1.23805482870799
60.7898178469625	1.25198115474979
60.8212337734984	1.26567492016892
60.8526497000343	1.27912270358417
60.8840656265702	1.29231173078229
60.9154815531061	1.30522910409387
60.946897479642	1.3178625276256
60.9783134061779	1.33019966661279
61.0097293327138	1.34222875660375
61.0411452592497	1.35393806414206
61.0725611857856	1.36531640538812
61.1039771123215	1.37635268519332
61.1353930388574	1.38703634559613
61.1668089653933	1.39735696475053
61.1982248919292	1.40730465187304
61.2296408184651	1.41686969077679
61.261056745001	1.42604289498834
61.2924726715369	1.43481528295399
61.3238885980728	1.44317840506198
61.3553045246087	1.45112403898727
61.3867204511446	1.45864449917747
61.4181363776805	1.46573234122939
61.4495523042164	1.47234804387909
61.4809682307523	1.47852195272575
61.5123841572881	1.48424453379287
61.5438000838241	1.48951375998333
61.5752160103599	1.49432094279191
61.6066319368958	1.49866488431287
61.6380478634317	1.50253792655036
61.6694637899676	1.50593953689995
61.7008797165035	1.50886329591788
61.7322956430394	1.51130914360533
61.7637115695753	1.51327212939431
61.7951274961112	1.51475244404872
61.8265434226471	1.515746859721
61.857959349183	1.51625556425962
61.8893752757189	1.51627733398216
61.9207912022548	1.51581206233594
61.9522071287907	1.51486084677884
61.9836230553266	1.51342294666816
62.0150389818625	1.51150214619053
62.0464549083984	1.50909666636815
62.0778708349343	1.5062134123858
62.1092867614702	1.50284907358432
62.1407026880061	1.49901420889515
62.172118614542	1.49470335737684
62.2035345410779	1.48993140673369
62.2349504676138	1.48468994874194
62.2663663941497	1.47899908178608
62.2977823206856	1.47284639616555
62.3291982472215	1.46625838619551
62.3606141737574	1.45921721065984
62.3920301002933	1.45177729998338
62.4234460268292	1.44392902721244
62.4548619533651	1.43564565739697
62.486277879901	1.42697359800074
62.5176938064369	1.41787809756069
62.5491097329728	1.40841479495911
62.5805256595087	1.39854192147352
62.6119415860446	1.38832287952655
62.6433575125805	1.37771060566124
62.6747734391164	1.36677420435535
62.7061893656523	1.35546348395263
62.7376052921882	1.34385089663765
62.7690212187241	1.33188542649972
62.80043714526	1.3196405212742
62.8318530717959	1.30200000202039
